@@ -200,35 +200,35 @@ INSERT INTO `spell_list` VALUES (140,'raise_iii',0x00004600000000000000000000000
 INSERT INTO `spell_list` VALUES (141,'reraise_ii',0x00003800000000000000000000000000000000460000,6,41,7,0,1,33,150,7500,60000,0,0,493,2000,0,0,1.00,1,80,4,0,NULL);
 INSERT INTO `spell_list` VALUES (142,'reraise_iii',0x000046000000000000000000000000000000005B0000,6,41,7,0,1,33,150,7000,60000,0,0,494,2000,0,0,1.00,1,80,4,0,NULL);
 INSERT INTO `spell_list` VALUES (143,'erase',0x00002000000000000000000000000000000000270000,6,0,7,0,3,34,18,2500,15000,0,0,138,2000,4,0,1.00,1,264,4,204,NULL);
-INSERT INTO `spell_list` VALUES (144,'fire',0x0000000D130000170000000000000000000000100000,2,42,1,0,4,36,7,500,2000,2,252,144,2000,0,35,1.00,0,0,0,204,NULL);
-INSERT INTO `spell_list` VALUES (145,'fire_ii',0x000000263200003C00000000000000000000002A0000,2,42,1,0,4,36,26,1500,6000,2,252,145,2000,0,133,1.00,0,0,0,204,NULL);
-INSERT INTO `spell_list` VALUES (146,'fire_iii',0x0000003E4700005800000000000000000000003F0000,2,42,1,0,4,36,63,3000,15000,2,252,146,2000,0,295,1.00,0,0,0,204,NULL);
-INSERT INTO `spell_list` VALUES (147,'fire_iv',0x00000049560000000000000000000000000000490000,2,42,1,0,4,36,135,6000,30000,2,252,147,2000,0,472,1.00,0,0,2,204,NULL);
+INSERT INTO `spell_list` VALUES (144,'fire',0x0000000D130000170000000000000000000000101300,2,42,1,0,4,36,7,500,2000,2,252,144,2000,0,35,1.00,0,0,0,204,NULL);
+INSERT INTO `spell_list` VALUES (145,'fire_ii',0x000000263200003C00000000000000000000002A2E00,2,42,1,0,4,36,26,1500,6000,2,252,145,2000,0,133,1.00,0,0,0,204,NULL);
+INSERT INTO `spell_list` VALUES (146,'fire_iii',0x0000003E4700005800000000000000000000003F4300,2,42,1,0,4,36,63,3000,15000,2,252,146,2000,0,295,1.00,0,0,0,204,NULL);
+INSERT INTO `spell_list` VALUES (147,'fire_iv',0x00000049560000000000000000000000000000495500,2,42,1,0,4,36,135,6000,30000,2,252,147,2000,0,472,1.00,0,0,2,204,NULL);
 INSERT INTO `spell_list` VALUES (148,'fire_v',0x000000560000000000000000000000000000005B0000,2,42,1,0,4,36,228,10000,45000,2,252,148,2000,0,785,1.00,0,0,2,204,'ABYSSEA');
-INSERT INTO `spell_list` VALUES (149,'blizzard',0x000000111800001D0000000000000000000000140000,2,43,5,0,4,36,8,500,2000,2,252,149,2000,0,46,1.00,0,0,0,204,NULL);
-INSERT INTO `spell_list` VALUES (150,'blizzard_ii',0x0000002A3700004200000000000000000000002E0000,2,43,5,0,4,36,31,1500,6000,2,252,150,2000,0,155,1.00,0,0,0,204,NULL);
-INSERT INTO `spell_list` VALUES (151,'blizzard_iii',0x000000404900005C0000000000000000000000420000,2,43,5,0,4,36,75,3000,15000,2,252,151,2000,0,320,1.50,0,0,0,204,NULL);
-INSERT INTO `spell_list` VALUES (152,'blizzard_iv',0x0000004A5900000000000000000000000000004A0000,2,43,5,0,4,36,162,6000,30000,2,252,152,2000,0,506,2.00,0,0,2,204,NULL);
+INSERT INTO `spell_list` VALUES (149,'blizzard',0x000000111800001D0000000000000000000000141800,2,43,5,0,4,36,8,500,2000,2,252,149,2000,0,46,1.00,0,0,0,204,NULL);
+INSERT INTO `spell_list` VALUES (150,'blizzard_ii',0x0000002A3700004200000000000000000000002E3200,2,43,5,0,4,36,31,1500,6000,2,252,150,2000,0,155,1.00,0,0,0,204,NULL);
+INSERT INTO `spell_list` VALUES (151,'blizzard_iii',0x000000404900005C0000000000000000000000424600,2,43,5,0,4,36,75,3000,15000,2,252,151,2000,0,320,1.50,0,0,0,204,NULL);
+INSERT INTO `spell_list` VALUES (152,'blizzard_iv',0x0000004A5900000000000000000000000000004A5800,2,43,5,0,4,36,162,6000,30000,2,252,152,2000,0,506,2.00,0,0,2,204,NULL);
 INSERT INTO `spell_list` VALUES (153,'blizzard_v',0x000000590000000000000000000000000000005F0000,2,43,5,0,4,36,267,10000,45000,2,252,153,2000,0,829,2.30,0,0,2,204,'ABYSSEA');
-INSERT INTO `spell_list` VALUES (154,'aero',0x000000090E00001100000000000000000000000C0000,2,44,4,0,4,36,6,500,2000,2,252,154,2000,0,25,1.00,0,0,0,204,NULL);
-INSERT INTO `spell_list` VALUES (155,'aero_ii',0x000000222D0000360000000000000000000000260000,2,44,4,0,4,36,22,1500,6000,2,252,155,2000,0,113,1.00,0,0,0,204,NULL);
-INSERT INTO `spell_list` VALUES (156,'aero_iii',0x0000003B4500005400000000000000000000003C0000,2,44,4,0,4,36,54,3000,15000,2,252,156,2000,0,265,1.50,0,0,0,204,NULL);
-INSERT INTO `spell_list` VALUES (157,'aero_iv',0x00000048530000000000000000000000000000480000,2,44,4,0,4,36,115,6000,30000,2,252,157,2000,0,440,2.00,0,0,2,204,NULL);
+INSERT INTO `spell_list` VALUES (154,'aero',0x000000090E00001100000000000000000000000C0E00,2,44,4,0,4,36,6,500,2000,2,252,154,2000,0,25,1.00,0,0,0,204,NULL);
+INSERT INTO `spell_list` VALUES (155,'aero_ii',0x000000222D0000360000000000000000000000262A00,2,44,4,0,4,36,22,1500,6000,2,252,155,2000,0,113,1.00,0,0,0,204,NULL);
+INSERT INTO `spell_list` VALUES (156,'aero_iii',0x0000003B4500005400000000000000000000003C4000,2,44,4,0,4,36,54,3000,15000,2,252,156,2000,0,265,1.50,0,0,0,204,NULL);
+INSERT INTO `spell_list` VALUES (157,'aero_iv',0x00000048530000000000000000000000000000485200,2,44,4,0,4,36,115,6000,30000,2,252,157,2000,0,440,2.00,0,0,2,204,NULL);
 INSERT INTO `spell_list` VALUES (158,'aero_v',0x00000053000000000000000000000000000000570000,2,44,4,0,4,36,198,10000,45000,2,252,158,2000,0,738,2.30,0,0,2,204,'ABYSSEA');
-INSERT INTO `spell_list` VALUES (159,'stone',0x00000001040000050000000000000000000000040000,2,45,2,0,4,36,4,500,2000,2,252,159,2000,0,10,1.00,0,0,0,204,NULL);
-INSERT INTO `spell_list` VALUES (160,'stone_ii',0x0000001A2300002A00000000000000000000001E0000,2,45,2,0,4,36,16,1500,6000,2,252,160,2000,0,78,1.00,0,0,0,204,NULL);
-INSERT INTO `spell_list` VALUES (161,'stone_iii',0x000000334100004C0000000000000000000000360000,2,45,2,0,4,36,40,3000,15000,2,252,161,2000,0,210,1.50,0,0,0,204,NULL);
-INSERT INTO `spell_list` VALUES (162,'stone_iv',0x000000444D0000000000000000000000000000460000,2,45,2,0,4,36,88,6000,30000,2,252,162,2000,0,381,2.00,0,0,2,204,NULL);
+INSERT INTO `spell_list` VALUES (159,'stone',0x00000001040000050000000000000000000000040400,2,45,2,0,4,36,4,500,2000,2,252,159,2000,0,10,1.00,0,0,0,204,NULL);
+INSERT INTO `spell_list` VALUES (160,'stone_ii',0x0000001A2300002A00000000000000000000001E2200,2,45,2,0,4,36,16,1500,6000,2,252,160,2000,0,78,1.00,0,0,0,204,NULL);
+INSERT INTO `spell_list` VALUES (161,'stone_iii',0x000000334100004C0000000000000000000000363A00,2,45,2,0,4,36,40,3000,15000,2,252,161,2000,0,210,1.50,0,0,0,204,NULL);
+INSERT INTO `spell_list` VALUES (162,'stone_iv',0x000000444D0000000000000000000000000000464C00,2,45,2,0,4,36,88,6000,30000,2,252,162,2000,0,381,2.00,0,0,2,204,NULL);
 INSERT INTO `spell_list` VALUES (163,'stone_v',0x0000004D0000000000000000000000000000004F0000,2,45,2,0,4,36,156,10000,45000,2,252,163,2000,0,626,2.30,0,0,2,204,'ABYSSEA');
-INSERT INTO `spell_list` VALUES (164,'thunder',0x000000151D0000230000000000000000000000180000,2,46,6,0,4,36,9,500,2000,2,252,164,2000,0,60,1.00,0,0,0,204,NULL);
-INSERT INTO `spell_list` VALUES (165,'thunder_ii',0x0000002E3C0000480000000000000000000000330000,2,46,6,0,4,36,37,1500,6000,2,252,165,2000,0,178,1.00,0,0,0,204,NULL);
-INSERT INTO `spell_list` VALUES (166,'thunder_iii',0x000000424B0000600000000000000000000000450000,2,46,6,0,4,36,91,3000,15000,2,252,166,2000,0,345,1.50,0,0,0,204,NULL);
-INSERT INTO `spell_list` VALUES (167,'thunder_iv',0x0000004B5C00000000000000000000000000004B0000,2,46,6,0,4,36,195,6000,30000,2,252,167,2000,0,541,2.00,0,0,2,204,NULL);
+INSERT INTO `spell_list` VALUES (164,'thunder',0x000000151D0000230000000000000000000000181D00,2,46,6,0,4,36,9,500,2000,2,252,164,2000,0,60,1.00,0,0,0,204,NULL);
+INSERT INTO `spell_list` VALUES (165,'thunder_ii',0x0000002E3C0000480000000000000000000000333600,2,46,6,0,4,36,37,1500,6000,2,252,165,2000,0,178,1.00,0,0,0,204,NULL);
+INSERT INTO `spell_list` VALUES (166,'thunder_iii',0x000000424B0000600000000000000000000000454900,2,46,6,0,4,36,91,3000,15000,2,252,166,2000,0,345,1.50,0,0,0,204,NULL);
+INSERT INTO `spell_list` VALUES (167,'thunder_iv',0x0000004B5C00000000000000000000000000004B5B00,2,46,6,0,4,36,195,6000,30000,2,252,167,2000,0,541,2.00,0,0,2,204,NULL);
 INSERT INTO `spell_list` VALUES (168,'thunder_v',0x0000005C000000000000000000000000000000630000,2,46,6,0,4,36,306,10000,45000,2,252,168,2000,0,874,2.30,0,0,2,204,'ABYSSEA');
-INSERT INTO `spell_list` VALUES (169,'water',0x000000050900000B0000000000000000000000080000,2,47,3,0,4,36,5,500,2000,2,252,169,2000,0,16,1.00,0,0,0,204,NULL);
-INSERT INTO `spell_list` VALUES (170,'water_ii',0x0000001E280000300000000000000000000000220000,2,47,3,0,4,36,19,1500,6000,2,252,170,2000,0,95,1.00,0,0,0,204,NULL);
-INSERT INTO `spell_list` VALUES (171,'water_iii',0x00000037430000500000000000000000000000390000,2,47,3,0,4,36,46,3000,15000,2,252,171,2000,0,236,1.50,0,0,0,204,NULL);
-INSERT INTO `spell_list` VALUES (172,'water_iv',0x00000046500000000000000000000000000000470000,2,47,3,0,4,36,99,6000,30000,2,252,172,2000,0,410,2.00,0,0,2,204,NULL);
+INSERT INTO `spell_list` VALUES (169,'water',0x000000050900000B0000000000000000000000080900,2,47,3,0,4,36,5,500,2000,2,252,169,2000,0,16,1.00,0,0,0,204,NULL);
+INSERT INTO `spell_list` VALUES (170,'water_ii',0x0000001E280000300000000000000000000000222600,2,47,3,0,4,36,19,1500,6000,2,252,170,2000,0,95,1.00,0,0,0,204,NULL);
+INSERT INTO `spell_list` VALUES (171,'water_iii',0x00000037430000500000000000000000000000393D00,2,47,3,0,4,36,46,3000,15000,2,252,171,2000,0,236,1.50,0,0,0,204,NULL);
+INSERT INTO `spell_list` VALUES (172,'water_iv',0x00000046500000000000000000000000000000474F00,2,47,3,0,4,36,99,6000,30000,2,252,172,2000,0,410,2.00,0,0,2,204,NULL);
 INSERT INTO `spell_list` VALUES (173,'water_v',0x00000050000000000000000000000000000000530000,2,47,3,0,4,36,175,10000,45000,2,252,173,2000,0,680,2.30,0,0,2,204,'ABYSSEA');
 INSERT INTO `spell_list` VALUES (174,'firaga',0x0000001C000000000000000000000000000000000000,2,48,1,0,4,36,57,2000,5000,2,252,174,2000,1,120,1.00,0,0,0,204,NULL);
 INSERT INTO `spell_list` VALUES (175,'firaga_ii',0x00000035000000000000000000000000000000000000,2,48,1,0,4,36,153,4000,10000,2,252,175,2000,1,312,1.00,0,0,0,204,NULL);
@@ -300,21 +300,21 @@ INSERT INTO `spell_list` VALUES (240,'drown',0x0000001B0000000000000000000000000
 INSERT INTO `spell_list` VALUES (241,'retrace',0x00000037000000000000000000000000000000000000,2,0,8,0,3,34,150,8000,10000,0,0,284,2000,0,0,1.00,1,165,0,204,'WOTG');
 INSERT INTO `spell_list` VALUES (242,'absorb-acc',0x000000000000003D0000000000000000000000000000,2,66,8,0,4,37,33,2000,60000,0,0,285,2000,3,0,1.00,1,640,0,204,'WOTG');
 INSERT INTO `spell_list` VALUES (244,'meteor_ii',0x00000000000000000000000000000000000000000000,2,61,8,0,4,37,666,5000,10000,0,0,280,2000,0,0,1.00,0,0,0,204,NULL);
-INSERT INTO `spell_list` VALUES (245,'drain',0x0000000C0000000A0000000000000000000000150000,2,67,8,0,4,37,21,3000,60000,227,274,245,2000,3,0,1.00,0,0,0,204,NULL);
+INSERT INTO `spell_list` VALUES (245,'drain',0x0000000C0000000A0000000000000000000000150F00,2,67,8,0,4,37,21,3000,60000,227,274,245,2000,3,0,1.00,0,0,0,204,NULL);
 INSERT INTO `spell_list` VALUES (246,'drain_ii',0x000000000000003E0000000000000000000000000000,2,67,8,0,4,37,37,3000,180000,227,274,246,2000,0,0,1.00,0,0,0,204,'TOAU');
-INSERT INTO `spell_list` VALUES (247,'aspir',0x00000019000000140000000000000000000000240000,2,68,8,0,4,37,10,3000,60000,228,275,247,2000,3,0,1.00,320,0,0,204,NULL);
-INSERT INTO `spell_list` VALUES (248,'aspir_ii',0x000000530000004E0000000000000000000000610000,2,68,8,0,4,37,5,3000,75000,228,228,248,2000,0,0,1.00,320,0,0,204,'ABYSSEA');
+INSERT INTO `spell_list` VALUES (247,'aspir',0x00000019000000140000000000000000000000241E00,2,68,8,0,4,37,10,3000,60000,228,275,247,2000,3,0,1.00,320,0,0,204,NULL);
+INSERT INTO `spell_list` VALUES (248,'aspir_ii',0x000000530000004E0000000000000000000000615A00,2,68,8,0,4,37,5,3000,75000,228,228,248,2000,0,0,1.00,320,0,0,204,'ABYSSEA');
 INSERT INTO `spell_list` VALUES (249,'blaze_spikes',0x0000000A1400000000000000000000000000001E0000,2,69,1,0,1,34,8,3000,10000,0,0,249,2000,3,0,1.00,1,264,0,0,NULL);
 INSERT INTO `spell_list` VALUES (250,'ice_spikes',0x00000014280000000000000000000000000000320000,2,69,5,0,1,34,16,3000,10000,0,0,250,2000,3,0,1.00,1,264,0,0,NULL);
 INSERT INTO `spell_list` VALUES (251,'shock_spikes',0x0000001E3C0000000000000000000000000000460000,2,69,6,0,1,34,24,3000,10000,0,0,251,2000,3,0,1.00,1,264,0,0,NULL);
 INSERT INTO `spell_list` VALUES (252,'stun',0x0000002D000000250000000000000000000000000000,2,70,6,0,4,37,25,500,45000,0,268,252,2000,3,0,1.00,180,1280,0,204,NULL);
-INSERT INTO `spell_list` VALUES (253,'sleep',0x000000141900001E00000000000000000000001E0000,2,71,8,0,4,35,19,2500,30000,0,0,253,2000,3,0,1.00,1,176,2,204,NULL);
+INSERT INTO `spell_list` VALUES (253,'sleep',0x000000141900001E00000000000000000000001E2300,2,71,8,0,4,35,19,2500,30000,0,0,253,2000,3,0,1.00,1,176,2,204,NULL);
 INSERT INTO `spell_list` VALUES (254,'blind',0x00000004080000000000000000000000000000000000,2,72,8,0,4,35,5,2000,10000,0,0,254,2000,3,0,1.00,1,165,0,204,NULL);
 INSERT INTO `spell_list` VALUES (255,'break',0x000000555700005F00000000000000000000005A0000,2,70,2,0,4,35,39,3000,30000,0,0,255,2000,3,0,1.00,1,340,2,204,'ABYSSEA');
 INSERT INTO `spell_list` VALUES (256,'virus',0x00000000000000000000000000000000000000000000,2,70,1,0,4,35,39,3000,30000,0,0,256,2000,0,0,1.00,0,0,0,204,NULL);
 INSERT INTO `spell_list` VALUES (257,'curse',0x00000000000000000000000000000000000000000000,2,70,8,0,4,37,39,3000,30000,0,0,257,2000,0,0,1.00,0,0,0,204,NULL);
 INSERT INTO `spell_list` VALUES (258,'bind',0x000000070B0000140000000000000000000000000000,2,70,5,0,4,35,8,2000,40000,0,0,258,2000,3,0,1.00,1,165,0,204,NULL);
-INSERT INTO `spell_list` VALUES (259,'sleep_ii',0x000000292E0000380000000000000000000000410000,2,71,8,0,4,35,29,3000,30000,0,0,265,2000,3,0,1.00,1,176,2,204,NULL);
+INSERT INTO `spell_list` VALUES (259,'sleep_ii',0x000000292E0000380000000000000000000000414600,2,71,8,0,4,35,29,3000,30000,0,0,265,2000,3,0,1.00,1,176,2,204,NULL);
 INSERT INTO `spell_list` VALUES (260,'dispel',0x00000000200000000000000000000000000000200000,2,0,8,0,4,35,25,3000,10000,0,0,487,2000,3,0,1.00,1,165,2,204,NULL);
 INSERT INTO `spell_list` VALUES (261,'warp',0x00000011000000000000000000000000000000000000,2,73,8,0,1,34,100,4000,10000,0,0,261,2000,0,0,1.00,0,0,0,0,NULL);
 INSERT INTO `spell_list` VALUES (262,'warp_ii',0x00000028000000000000000000000000000000000000,2,73,8,0,3,34,150,5000,10000,0,0,261,2000,0,0,1.00,1,300,0,204,NULL);