@@ -6,1025 +6,1032 @@
 -----------------------------------
 local ID = require("scripts/zones/West_Ronfaure/IDs")
 require("scripts/globals/pathfind")
+require("scripts/globals/utils")
 -----------------------------------
 
 local path =
 {
-    -439.970062, -16.752592, -255.100327,
-    -440.602631, -16.538126, -255.958786,
-    -441.127228, -16.394150, -256.900909,
-    -441.494019, -16.267317, -257.915710,
-    -441.581543, -16.133537, -258.985992,
-    -441.024231, -16.028330, -259.826294,
-    -439.954132, -16.028715, -259.822601,
-    -438.925629, -16.072157, -259.474915,
-    -437.941528, -16.180017, -259.014008,
-    -437.021820, -15.868464, -258.524048,
-    -436.108673, -15.583454, -258.000946,
-    -435.179413, -15.400028, -257.455811,
-    -432.864655, -15.075329, -256.065369,
-    -423.557495, -14.982476, -250.437790,
-    -422.761383, -15.055836, -249.708817,
-    -422.268677, -15.117037, -248.744232,
-    -421.972382, -15.198636, -247.701523,
-    -421.776733, -15.333975, -246.640106,
-    -421.618866, -15.467649, -245.572189,
-    -421.478943, -15.717875, -244.517334,
-    -421.351807, -15.921570, -243.463135,
-    -421.186218, -16.198463, -241.860138,
-    -421.114075, -16.145809, -240.774628,
-    -421.063721, -16.139482, -239.687912,
-    -420.994019, -16.130768, -237.785126,
-    -420.230377, -15.989685, -211.979935,
-    -420.197784, -15.922558, -210.893448,
-    -420.124512, -15.798100, -207.772995,
-    -420.100586, -15.813488, -206.552765,
-    -419.909180, -16.017889, -199.219910,
-    -420.047943, -16.120964, -198.143524,
-    -420.387573, -15.748003, -197.158432,
-    -420.822083, -15.460172, -196.220764,
-    -421.321320, -15.238870, -195.271896,
-    -421.853363, -15.129681, -194.327469,
-    -423.947327, -15.024358, -190.672211,
-    -427.640472, -14.942602, -184.327072,
-    -428.275848, -15.015442, -183.448257,
-    -428.993866, -15.115380, -182.637329,
-    -429.774628, -15.196917, -181.884567,
-    -430.584961, -15.269184, -181.162048,
-    -431.407013, -15.339080, -180.452606,
-    -432.945740, -15.590717, -179.147598,
-    -446.838165, -18.853514, -167.615036,
-    -447.872925, -18.977230, -166.740967,
-    -450.464325, -19.402002, -164.580673,
-    -451.186340, -19.500000, -163.781158,
-    -451.724823, -19.500000, -162.836929,
-    -452.156342, -19.526083, -161.839020,
-    -452.542633, -19.574369, -160.823151,
-    -452.902069, -19.619282, -159.797119,
-    -453.247406, -19.652224, -158.765945,
-    -454.379395, -19.973661, -155.298203,
-    -455.345062, -20.866318, -152.299789,
-    -455.671997, -20.945515, -151.285309,
-    -456.993286, -21.072395, -147.165604,
-    -457.321960, -21.268314, -146.147049,
-    -460.919006, -21.558647, -134.955734,
-    -461.252441, -21.516457, -133.920914,
-    -463.684235, -20.974045, -126.322334,
-    -463.735504, -21.005585, -125.238617,
-    -463.618225, -21.100723, -124.159538,
-    -463.476532, -21.130386, -123.083138,
-    -460.845245, -21.814005, -103.009911,
-    -460.340668, -21.860525, -102.053253,
-    -459.548370, -21.859089, -101.316696,
-    -458.651062, -21.799015, -100.705299,
-    -457.715729, -21.738424, -100.153778,
-    -456.764191, -21.662802, -99.631622,
-    -455.801666, -21.716837, -99.128433,
-    -452.543488, -21.461651, -97.451981,
-    -427.263428, -19.779127, -84.644547,
-    -426.292938, -19.805960, -84.153252,
-    -424.000397, -20.058718, -82.994804,
-    -423.030975, -19.983002, -82.507225,
-    -396.179047, -20.642097, -68.915520,
-    -395.230957, -20.758915, -68.394829,
-    -394.369598, -20.974821, -67.755898,
-    -393.589478, -21.246567, -67.048546,
-    -392.859406, -21.419449, -66.273178,
-    -392.153625, -21.557785, -65.456947,
-    -391.468964, -21.778866, -64.640053,
-    -390.559631, -22.323750, -63.552891,
-    -389.849030, -22.824114, -62.691097,
-    -387.739929, -24.336773, -60.088634,
-    -387.035553, -24.853951, -59.230145,
-    -386.339355, -25.370905, -58.366211,
-    -385.651886, -26.125864, -57.510376,
-    -385.033325, -27.045774, -56.701607,
-    -384.452972, -27.587692, -55.817024,
-    -383.951385, -27.987345, -54.938370,
-    -383.386536, -28.294943, -53.910427,
-    -382.906982, -28.606924, -52.984940,
-    -382.409454, -28.917976, -52.069004,
-    -381.867371, -29.025024, -51.137131,
-    -381.301788, -29.172449, -50.219383,
-    -380.727570, -29.320223, -49.307129,
-    -364.454529, -30.016165, -24.085087,
-    -354.090363, -29.671881, -8.006002,
-    -353.540497, -29.834528, -7.080005,
-    -353.008911, -30.037712, -6.150451,
-    -351.508148, -30.500000, -3.461302,
-    -344.298309, -31.130165, 9.622360,
-    -343.719788, -31.229996, 10.534849,
-    -343.014465, -31.336742, 11.354795,
-    -342.196075, -31.448938, 12.062510,
-    -341.337769, -31.562546, 12.721281,
-    -340.463776, -31.676613, 13.359138,
-    -339.578003, -31.747307, 13.983932,
-    -338.684845, -31.777473, 14.604170,
-    -331.282471, -31.493895, 19.661541,
-    -330.308228, -31.447271, 20.141212,
-    -329.288361, -31.455376, 20.518837,
-    -328.249207, -31.395697, 20.818035,
-    -327.199799, -31.337658, 21.087675,
-    -326.141876, -31.381889, 21.338877,
-    -325.082703, -31.432835, 21.581512,
-    -320.835022, -31.395533, 22.525442,
-    -319.773651, -31.337238, 22.757223,
-    -316.724976, -31.168060, 23.434225,
-    -315.697601, -31.067081, 23.774858,
-    -314.713531, -31.001366, 24.234629,
-    -313.761444, -30.953598, 24.758646,
-    -312.835083, -30.887995, 25.325043,
-    -311.918732, -30.789017, 25.902380,
-    -310.216614, -30.826614, 27.010038,
-    -307.517303, -31.226393, 28.788122,
-    -306.582703, -31.154129, 29.342878,
-    -305.625275, -31.055418, 29.852215,
-    -304.660309, -30.967735, 30.347439,
-    -303.691956, -30.867880, 30.831894,
-    -301.273224, -30.522186, 32.021267,
-    -300.325226, -30.253407, 32.488640,
-    -297.896606, -29.961315, 33.678493,
-    -296.921356, -29.980268, 34.155445,
-    -283.175232, -30.000000, 40.879360,
-    -282.197723, -30.000000, 41.357021,
-    -273.907654, -30.223761, 45.435520,
-    -273.112213, -30.613419, 46.087021,
-    -272.551117, -31.027349, 46.919304,
-    -272.154144, -31.419172, 47.850975,
-    -271.860565, -31.801704, 48.831139,
-    -271.583862, -32.090355, 49.799915,
-    -271.340332, -32.425247, 50.806000,
-    -270.992645, -32.844288, 52.328403,
-    -269.161621, -35.016342, 60.795799,
-    -268.899292, -35.537270, 62.046036,
-    -267.436157, -38.003387, 68.796013,
-    -267.218933, -38.403229, 69.785110,
-    -266.716248, -39.181328, 72.162575,
-    -266.646820, -39.236248, 73.245872,
-    -266.741486, -39.305218, 74.326553,
-    -266.943451, -39.503807, 75.379707,
-    -267.198029, -39.606842, 76.420052,
-    -267.467224, -39.573181, 77.473747,
-    -267.751343, -39.537670, 78.523438,
-    -269.489166, -39.688145, 84.654762,
-    -269.779968, -39.940563, 85.672394,
-    -270.407593, -40.357700, 87.859993,
-    -270.701263, -40.217247, 88.897224,
-    -271.803741, -39.582218, 92.765701,
-    -272.103394, -39.621971, 93.822968,
-    -274.938629, -40.094635, 103.757698,
-    -275.234436, -39.950058, 104.796463,
-    -278.316315, -39.956299, 115.598122,
-    -278.657959, -40.000000, 116.626968,
-    -279.067108, -40.000000, 117.634903,
-    -279.518555, -40.000000, 118.624847,
-    -279.993774, -40.000000, 119.603645,
-    -280.484222, -40.000000, 120.574821,
-    -280.980164, -40.000000, 121.543243,
-    -286.929169, -39.008667, 132.941757,
-    -287.430420, -38.897781, 133.901459,
-    -287.937683, -38.781601, 134.856888,
-    -288.510773, -38.692963, 135.778198,
-    -289.157349, -38.665531, 136.652649,
-    -289.833923, -38.639122, 137.504150,
-    -290.523529, -38.604607, 138.344910,
-    -291.396698, -38.552856, 139.386200,
-    -300.068176, -35.596138, 149.616638,
-    -300.450134, -35.417088, 150.612869,
-    -300.480957, -35.302635, 151.691971,
-    -300.363770, -35.374798, 152.765915,
-    -300.181000, -35.526699, 153.827637,
-    -299.967926, -35.682739, 154.883087,
-    -299.740814, -35.856140, 155.933807,
-    -299.166321, -36.110737, 158.434998,
-    -297.842926, -36.519508, 164.110306,
-    -297.711517, -36.728516, 165.169052,
-    -297.791962, -36.897087, 166.237534,
-    -298.034912, -37.036209, 167.288712,
-    -298.354279, -37.162457, 168.321182,
-    -298.708008, -37.283379, 169.343033,
-    -299.123047, -37.480621, 170.478378,
-    -299.870880, -38.047672, 172.461945,
-    -300.458160, -38.762894, 173.968826,
-    -301.121552, -39.588573, 175.707932,
-    -301.488495, -39.880459, 176.703125,
-    -301.741180, -40.187134, 177.714966,
-    -301.840820, -40.504196, 178.748749,
-    -301.855133, -40.822124, 179.788849,
-    -301.822845, -41.188747, 180.817581,
-    -301.758820, -41.552467, 181.840881,
-    -301.682739, -41.920956, 182.862518,
-    -301.407043, -42.825760, 186.114990,
-    -300.501160, -45.446545, 196.063461,
-    -300.327515, -45.781693, 197.086868,
-    -300.107330, -46.023857, 198.101761,
-    -299.892059, -46.020031, 199.202560,
-    -299.658722, -46.049198, 200.264832,
-    -299.083496, -45.989109, 202.775665,
-    -298.839966, -45.840462, 203.825668,
-    -298.599335, -45.612335, 204.856720,
-    -297.294495, -45.038647, 210.384552,
-    -296.802460, -45.031513, 211.348297,
-    -296.003754, -44.947575, 212.076996,
-    -295.089417, -44.939152, 212.665131,
-    -294.132080, -44.971771, 213.180725,
-    -293.159241, -45.004112, 213.666809,
-    -292.177643, -45.043068, 214.134933,
-    -290.945007, -45.035225, 214.709396,
-    -282.860168, -45.922268, 218.423615,
-    -281.928314, -46.162800, 218.882782,
-    -280.925964, -46.093803, 219.302551,
-    -279.942993, -46.035995, 219.765259,
-    -278.976990, -46.039272, 220.261993,
-    -278.019318, -46.126381, 220.774200,
-    -276.532257, -45.679039, 221.595612,
-    -273.266785, -45.098358, 223.469131,
-    -272.324432, -45.015408, 224.010422,
-    -268.550629, -45.024551, 226.176529,
-    -267.745361, -45.022247, 226.900223,
-    -267.117981, -44.979355, 227.787445,
-    -266.573853, -44.975834, 228.729248,
-    -266.066772, -44.982010, 229.691788,
-    -265.576538, -45.041542, 230.663071,
-    -265.079071, -45.163151, 231.627274,
-    -264.597351, -45.264587, 232.595947,
-    -264.152435, -45.446598, 233.563171,
-    -263.697998, -45.680012, 234.523819,
-    -262.016174, -46.281578, 238.029846,
-    -261.556702, -46.201237, 239.014328,
-    -256.600128, -45.025234, 249.377197,
-    -255.970734, -44.957794, 250.260529,
-    -255.212357, -44.939751, 251.038193,
-    -254.386093, -44.945457, 251.745514,
-    -253.526093, -44.969048, 252.411560,
-    -252.652176, -45.002594, 253.058823,
-    -251.770966, -45.036087, 253.696213,
-    -244.441742, -45.275829, 258.863953,
-    -243.505188, -45.542328, 259.357666,
-    -242.523361, -45.906620, 259.648193,
-    -241.460144, -46.028633, 259.823212,
-    -240.374603, -46.019741, 259.894318,
-    -239.287964, -46.013302, 259.945831,
-    -238.200699, -46.008728, 259.982391,
-    -235.359665, -46.299160, 260.041962,
-    -231.212814, -47.047096, 260.111084,
-    -228.414734, -47.613140, 260.165649,
-    -227.395874, -48.089172, 260.184479,
-    -225.697647, -48.950203, 260.216675,
-    -224.363464, -49.629337, 260.239838,
-    -223.352081, -49.953148, 260.253906,
-    -216.001205, -52.412048, 260.375458,
-    -214.947723, -52.636997, 260.390472,
-    -204.417313, -55.326168, 260.560699,
-    -203.368652, -55.655231, 260.576294,
-    -202.049591, -56.112896, 260.577698,
-    -200.935196, -56.080486, 260.591614,
-    -184.915848, -56.834442, 260.617188,
-    -183.857697, -57.100548, 260.594025,
-    -182.771301, -57.095242, 260.613068,
-    -181.551437, -57.195465, 260.611603,
-    -180.467743, -57.268650, 260.554718,
-    -179.388474, -57.235741, 260.443207,
-    -178.313416, -57.323948, 260.301849,
-    -177.240799, -57.410061, 260.141052,
-    -175.639709, -57.602425, 259.888031,
-    -153.454758, -59.971466, 256.230652,
-    -152.371017, -59.941368, 256.202332,
-    -151.338013, -59.899998, 256.526245,
-    -150.409531, -59.899998, 257.091797,
-    -149.546631, -59.905708, 257.754150,
-    -148.712616, -59.944000, 258.451752,
-    -147.891266, -59.982349, 259.164490,
-    -147.077164, -59.987167, 259.886108,
-    -145.559814, -59.996250, 261.249481,
-    -135.296967, -61.920395, 270.550049, -- report?
-    -136.090424, -61.731232, 269.830048,
-    -136.884094, -61.542065, 269.110352,
-    -150.086914, -59.899998, 257.147797,
-    -151.020218, -59.899998, 256.592834,
-    -152.073257, -59.902092, 256.345337,
-    -153.159882, -59.929256, 256.347260,
-    -154.243652, -59.956352, 256.436890,
-    -155.322754, -59.991856, 256.572998,
-    -156.398727, -59.956062, 256.729126,
-    -158.145386, -59.938908, 257.003632,
-    -178.976608, -57.275406, 260.436218,
-    -180.056641, -57.302162, 260.523682,
-    -181.140915, -57.218544, 260.571320,
-    -182.225555, -57.135334, 260.593964,
-    -183.310730, -57.070732, 260.604950,
-    -184.389069, -56.970604, 260.592346,
-    -185.446976, -56.699245, 260.612305,
-    -186.534317, -56.616566, 260.619019,
-    -188.029251, -56.562798, 260.618652,
-    -207.543884, -54.695351, 260.506195,
-    -208.593231, -54.421879, 260.490112,
-    -227.786392, -47.844944, 260.176392,
-    -228.828674, -47.528126, 260.161072,
-    -230.026764, -47.278732, 260.139496,
-    -234.035889, -46.541107, 260.063751,
-    -240.660934, -46.011520, 259.960083,
-    -241.744278, -46.169971, 259.869843,
-    -242.749298, -45.785637, 259.621307,
-    -243.688675, -45.496006, 259.184814,
-    -244.613403, -45.269833, 258.647064,
-    -245.518509, -45.137951, 258.052887,
-    -246.419617, -45.087288, 257.445129,
-    -247.315887, -45.036938, 256.830475,
-    -249.769028, -45.024799, 255.119431,
-    -254.651855, -44.940964, 251.663010,
-    -255.433929, -44.937099, 250.909637,
-    -256.076324, -44.971489, 250.033737,
-    -256.635040, -45.035885, 249.102524,
-    -257.142975, -45.097923, 248.142441,
-    -257.629761, -45.233803, 247.177734,
-    -258.461090, -45.483078, 245.483109,
-    -259.049194, -45.740898, 244.276123,
-    -259.516541, -45.851563, 243.307846,
-    -264.719360, -45.247227, 232.364548,
-    -265.227234, -45.105091, 231.261398,
-    -265.719788, -44.985176, 230.292435,
-    -266.195129, -44.977989, 229.313889,
-    -266.685333, -44.971275, 228.342972,
-    -267.309906, -44.990795, 227.454300,
-    -268.097290, -45.024536, 226.706238,
-    -268.976410, -45.019974, 226.065643,
-    -269.888763, -45.017735, 225.473099,
-    -270.818024, -45.019180, 224.907379,
-    -271.753998, -45.000942, 224.352997,
-    -273.165039, -45.084061, 223.535965,
-    -274.098724, -45.217224, 222.991837,
-    -275.034912, -45.352219, 222.454132,
-    -276.433075, -45.645039, 221.653473,
-    -278.282349, -46.227036, 220.580002,
-    -279.259583, -46.019772, 220.105209,
-    -280.239838, -46.051945, 219.636856,
-    -281.715057, -46.138523, 218.944061,
-    -295.072144, -44.942986, 212.826477,
-    -295.975891, -44.965645, 212.229233,
-    -296.626495, -44.995678, 211.363297,
-    -297.092560, -45.025742, 210.383209,
-    -297.438629, -45.079567, 209.353546,
-    -297.736084, -45.130760, 208.308319,
-    -298.005737, -45.248287, 207.260376,
-    -298.264038, -45.386070, 206.212494,
-    -299.041473, -45.962364, 202.959167,
-    -299.294495, -46.129169, 201.913116,
-    -299.533417, -46.064907, 200.852234,
-    -299.778412, -46.034283, 199.792679,
-    -300.021393, -46.009171, 198.732605,
-    -300.230682, -45.949970, 197.678162,
-    -300.387177, -45.645302, 196.654877,
-    -300.517700, -45.328785, 195.618057,
-    -300.631744, -45.131599, 194.554199,
-    -300.736755, -44.933083, 193.489655,
-    -301.916626, -41.039673, 180.393494,
-    -301.952759, -40.689056, 179.362061,
-    -301.844147, -40.380367, 178.326706,
-    -301.584625, -40.074371, 177.315918,
-    -301.265717, -39.777336, 176.319107,
-    -300.939575, -39.442776, 175.363297,
-    -300.565338, -38.942703, 174.325500,
-    -300.181183, -38.417553, 173.289810,
-    -299.740601, -37.873989, 172.134750,
-    -299.364197, -37.599380, 171.148911,
-    -298.786713, -37.338978, 169.644882,
-    -298.402985, -37.208858, 168.635559,
-    -298.027802, -37.092781, 167.620956,
-    -297.779541, -36.955162, 166.573044,
-    -297.768494, -36.779991, 165.501678,
-    -297.893860, -36.572292, 164.441559,
-    -298.075348, -36.378498, 163.386337,
-    -298.291718, -36.245903, 162.328415,
-    -298.523804, -36.191105, 161.267609,
-    -299.099976, -36.119068, 158.749771,
-    -300.622803, -35.272141, 152.185272,
-    -300.546265, -35.356747, 151.112457,
-    -300.139984, -35.533932, 150.124802,
-    -299.563080, -35.738934, 149.226395,
-    -298.926300, -35.974628, 148.366928,
-    -298.292847, -36.369488, 147.566315,
-    -297.652222, -36.771412, 146.784256,
-    -296.598267, -37.424564, 145.524170,
-    -289.386353, -38.662991, 137.017761,
-    -288.751190, -38.680820, 136.135315,
-    -288.184235, -38.716503, 135.207581,
-    -287.656708, -38.841850, 134.261246,
-    -286.957916, -39.001762, 132.948334,
-    -286.436218, -38.979378, 131.993698,
-    -285.933044, -39.086742, 131.035538,
-    -279.544037, -40.000000, 118.786339,
-    -279.095001, -40.000000, 117.795532,
-    -278.723389, -40.000000, 116.773209,
-    -278.390717, -40.000000, 115.739441,
-    -278.077759, -39.844975, 114.705635,
-    -277.060913, -39.500000, 111.198402,
-    -271.665955, -39.568001, 92.294022,
-    -271.258362, -39.819828, 90.879639,
-    -269.650452, -39.829777, 85.218178,
-    -269.097565, -39.500000, 83.293137,
-    -266.809784, -39.475517, 75.200165,
-    -266.649567, -39.287212, 74.141655,
-    -266.706604, -39.230602, 73.057381,
-    -266.841522, -39.182301, 71.979034,
-    -267.013214, -38.883488, 70.972496,
-    -267.203888, -38.458267, 69.986374,
-    -267.405945, -38.092369, 68.997025,
-    -267.967316, -37.205059, 66.336739,
-    -269.169342, -35.011940, 60.768829,
-    -269.416901, -34.755840, 59.608253,
-    -271.049866, -32.833099, 52.036350,
-    -271.266663, -32.500420, 51.020298,
-    -271.939880, -31.580200, 47.963612,
-    -272.323029, -31.133356, 47.024605,
-    -273.091705, -30.631182, 46.207066,
-    -273.918060, -30.234310, 45.609779,
-    -274.847778, -30.141161, 45.052742,
-    -275.801636, -30.049332, 44.537346,
-    -276.767395, -30.004099, 44.039276,
-    -277.740051, -30.000000, 43.551609,
-    -295.029419, -30.001234, 35.084103,
-    -296.004395, -30.028824, 34.606136,
-    -298.320343, -30.011620, 33.472553,
-    -299.292633, -30.127960, 32.998138,
-    -300.744598, -30.420561, 32.287434,
-    -301.822388, -30.660269, 31.766117,
-    -305.449860, -31.039577, 29.961134,
-    -306.393860, -31.150333, 29.427002,
-    -307.322937, -31.208359, 28.864517,
-    -308.242828, -31.225145, 28.287502,
-    -309.370667, -30.999538, 27.554298,
-    -313.548218, -30.951408, 24.807213,
-    -314.496948, -30.999880, 24.278208,
-    -315.499756, -31.051682, 23.858809,
-    -316.537872, -31.154470, 23.544914,
-    -317.590332, -31.206734, 23.277721,
-    -318.646790, -31.269846, 23.025274,
-    -319.705627, -31.330627, 22.782150,
-    -328.585144, -31.461010, 20.809793,
-    -329.604736, -31.452932, 20.447485,
-    -330.576935, -31.458323, 19.959888,
-    -331.516846, -31.525490, 19.415882,
-    -332.434601, -31.586788, 18.835255,
-    -333.342133, -31.637566, 18.237196,
-    -334.808746, -31.720680, 17.253775,
-    -341.755096, -31.512569, 12.505347,
-    -342.587311, -31.399881, 11.814846,
-    -343.284424, -31.293304, 10.987100,
-    -343.903748, -31.204266, 10.098687,
-    -344.476776, -31.068769, 9.182813,
-    -345.021790, -30.936897, 8.250527,
-    -345.557404, -30.848867, 7.308527,
-    -346.944550, -30.665789, 4.819434,
-    -352.769531, -30.134678, -5.750056,
-    -353.430542, -29.865831, -6.908241,
-    -353.990356, -29.703238, -7.826676,
-    -354.571625, -29.606535, -8.750077,
-    -359.278839, -30.020227, -16.060516,
-    -359.865417, -29.940750, -16.974663,
-    -366.939056, -29.873177, -27.931231,
-    -367.528503, -29.888115, -28.845236,
-    -376.512451, -29.969620, -42.758610,
-    -377.103638, -29.932671, -43.671219,
-    -381.560516, -29.108587, -50.606083,
-    -382.097595, -28.962421, -51.540813,
-    -382.600891, -28.786295, -52.479153,
-    -383.076721, -28.473091, -53.406521,
-    -383.741272, -28.044344, -54.676407,
-    -384.273438, -27.694052, -55.554253,
-    -384.877289, -27.241680, -56.411148,
-    -385.524475, -26.414268, -57.283955,
-    -386.158508, -25.591860, -58.105274,
-    -386.828674, -24.977655, -58.949734,
-    -390.529175, -22.315744, -63.529224,
-    -392.262146, -21.522633, -65.653603,
-    -392.948425, -21.380217, -66.485573,
-    -393.689911, -21.182203, -67.244202,
-    -394.540680, -20.930220, -67.872482,
-    -395.454437, -20.739042, -68.440071,
-    -396.398987, -20.635540, -68.968857,
-    -397.357697, -20.571712, -69.479454,
-    -398.320526, -20.508863, -69.982239,
-    -400.858337, -20.346436, -71.281647,
-    -416.078491, -20.016394, -78.992798,
-    -417.048981, -19.936098, -79.480896,
-    -427.943085, -19.760998, -84.990929,
-    -428.913177, -19.807173, -85.480782,
-    -432.057404, -20.048246, -87.078934,
-    -433.018707, -20.206867, -87.563354,
-    -434.463531, -20.382471, -88.293999,
-    -435.430756, -20.458065, -88.786209,
-    -452.483673, -21.459229, -97.418785,
-    -453.453613, -21.498474, -97.910263,
-    -455.629822, -21.682997, -99.016502,
-    -456.597382, -21.676950, -99.507576,
-    -459.140961, -21.836069, -100.792534,
-    -459.946869, -21.893318, -101.510696,
-    -460.448151, -21.846874, -102.472565,
-    -460.755463, -21.810520, -103.514992,
-    -460.974854, -21.743179, -104.577850,
-    -461.155731, -21.659788, -105.647171,
-    -461.317200, -21.591896, -106.720940,
-    -461.468292, -21.524906, -107.796364,
-    -463.602295, -21.103918, -124.129204,
-    -463.619171, -21.024265, -125.213806,
-    -463.478882, -21.006443, -126.292236,
-    -463.249878, -21.002714, -127.355629,
-    -462.966309, -21.089417, -128.399185,
-    -462.668304, -21.285374, -129.427078,
-    -462.235779, -21.446602, -130.840286,
-    -460.657928, -21.688395, -135.754669,
-    -460.330139, -21.662376, -136.789734,
-    -455.015533, -20.520708, -153.317886,
-    -454.692139, -20.245014, -154.319489,
-    -452.376251, -19.553642, -161.505966,
-    -451.983276, -19.504547, -162.518814,
-    -451.383820, -19.500000, -163.425491,
-    -450.662170, -19.500000, -164.235107,
-    -449.881348, -19.324495, -164.978180,
-    -449.075256, -19.183504, -165.695129,
-    -448.256256, -19.045288, -166.398026,
-    -447.224274, -18.874338, -167.267380,
-    -446.393372, -18.880678, -167.969147,
-    -444.853027, -18.565512, -169.265442,
-    -429.819672, -15.220426, -181.753754,
-    -429.047333, -15.136473, -182.514877,
-    -428.378082, -15.023755, -183.364578,
-    -427.766907, -14.929929, -184.258438,
-    -427.184479, -14.948370, -185.176834,
-    -426.620789, -14.981401, -186.106918,
-    -420.939972, -15.316271, -195.861465,
-    -420.463104, -15.644215, -196.799393,
-    -420.179413, -15.996948, -197.782822,
-    -420.054016, -16.013285, -198.776382,
-    -420.006409, -16.007343, -199.863220,
-    -419.994202, -16.007246, -200.951035,
-    -420.002808, -16.006878, -202.039001,
-    -420.028076, -16.012650, -203.534683,
-    -420.136383, -15.819376, -208.158340,
-    -420.158417, -15.863979, -209.517258,
-    -420.217560, -15.970049, -212.114258,
-    -420.270721, -15.849182, -213.198792,
-    -420.324890, -15.797634, -214.692932,
-    -420.826080, -15.902279, -232.085022,
-    -420.854614, -15.979057, -233.178070,
-    -421.049957, -16.137796, -239.834213,
-    -421.117493, -16.146238, -240.920044,
-    -421.206573, -16.172615, -242.004349,
-    -421.315979, -15.984070, -243.070419,
-    -421.494659, -15.643467, -244.787292,
-    -421.819092, -15.221020, -247.595215,
-    -422.154602, -15.128119, -248.622253,
-    -422.758545, -15.061894, -249.519104,
-    -423.569183, -14.987906, -250.238434,
-    -424.447510, -14.935026, -250.876724,
-    -425.353729, -14.944465, -251.478790,
-    -426.272919, -14.957020, -252.060471,
-    -427.197968, -14.990112, -252.632385,
-    -435.669800, -15.466051, -257.761230,
-    -436.582245, -15.703817, -258.315826,
-    -437.807831, -16.083422, -259.079224,
-    -438.774384, -16.063610, -259.543793,
-    -439.841156, -16.037457, -259.752838,
-    -440.927063, -16.028862, -259.821381,
-    -442.012054, -16.065359, -259.827911,
-    -443.029694, -15.716091, -259.796082,
-    -444.055817, -15.340240, -259.815460,
-    -445.097931, -15.219767, -260.104065,
-    -446.074341, -15.110579, -260.570770,
-    -447.027344, -15.057332, -261.092285,
-    -447.959381, -15.005149, -261.650909,
-    -448.870300, -15.018632, -262.244598,
-    -452.834351, -15.055134, -264.874695,
-    -453.655518, -15.037918, -265.585449,
-    -454.313416, -14.975594, -266.448151,
-    -454.843811, -14.943377, -267.396851,
-    -455.317291, -14.926654, -268.376190,
-    -455.755920, -14.934984, -269.371826,
-    -456.179169, -14.990575, -270.372711,
-    -458.718781, -15.924042, -276.598358,
-    -459.454010, -16.074858, -278.487640,
-    -459.765564, -16.035896, -279.529297,
-    -460.018890, -16.008865, -280.586884,
-    -460.219788, -16.034010, -281.655853,
-    -460.388611, -15.869349, -282.697662,
-    -460.631561, -15.373913, -284.238556,
-    -463.079895, -10.491953, -301.043823,
-    -463.087708, -10.158780, -302.077850,
-    -462.960846, -9.836479, -303.109039,
-    -462.774170, -9.560242, -304.125580,
-    -462.522583, -8.986555, -305.196259,
-    -462.273163, -8.643255, -306.190765,
-    -462.021210, -8.278727, -307.184570,
-    -460.034760, -6.387301, -314.867249,
-    -459.871155, -6.200213, -315.926605,
-    -459.784912, -6.106617, -317.006958,
-    -459.729767, -6.040372, -318.091217,
-    -459.694733, -6.044695, -319.178589,
-    -459.585297, -6.053058, -324.342834,
-    -459.546967, -5.772733, -326.638885,
-    -459.503937, -5.646238, -328.802887,
-    -459.475159, -5.742835, -330.568115,
-    -459.458099, -5.785998, -331.654663,
-    -459.434814, -5.762313, -332.741577,
-    -459.407196, -5.823767, -334.235260,
-    -459.388367, -5.885840, -335.321259,
-    -459.238617, -5.855601, -343.748810,
-    -459.212708, -5.653573, -345.233765,
-    -459.171204, -5.405949, -347.661652,
-    -459.148193, -5.488004, -349.155365,
-    -459.102081, -5.651767, -351.733948,
-    -459.078918, -5.694240, -352.820526,
-    -459.029205, -6.086042, -355.647919,
-    -459.029083, -6.127892, -356.731750,
-    -459.140869, -6.113956, -357.812897,
-    -459.383789, -6.083621, -358.872314,
-    -459.727936, -6.040620, -359.903625,
-    -460.125519, -6.022241, -360.915192,
-    -460.547241, -6.109803, -361.916656,
-    -460.983124, -5.974494, -362.906189,
-    -461.694427, -5.748822, -364.503021,
-    -464.664276, -4.937500, -371.008911,
-    -465.236359, -4.933529, -371.931122,
-    -466.029266, -4.964595, -372.673553,
-    -466.928986, -4.997910, -373.282715,
-    -467.884674, -5.034942, -373.801270,
-    -468.857971, -5.029415, -374.286438,
-    -469.843262, -5.023180, -374.747375,
-    -470.833405, -5.019099, -375.197601,
-    -472.694275, -5.035691, -376.029572,
-    -473.677887, -5.200471, -376.472137,
-    -474.661591, -5.361502, -376.908600,
-    -476.374115, -5.724977, -377.667419,
-    -477.943665, -6.254426, -378.389740,
-    -478.940887, -6.155789, -378.806549,
-    -479.933899, -6.100767, -379.246948,
-    -480.918152, -6.043252, -379.707092,
-    -481.900665, -6.081943, -380.169891,
-    -484.013855, -5.418111, -381.186493,
-    -491.435669, -5.052667, -384.848053,
-    -492.353546, -5.041574, -385.430573,
-    -493.202301, -5.007907, -386.109772,
-    -493.992279, -4.974132, -386.856659,
-    -494.756409, -4.940371, -387.630280,
-    -495.507080, -4.923118, -388.417175,
-    -496.431793, -4.977174, -389.412140,
-    -497.107117, -5.046514, -390.261566,
-    -497.657043, -5.110490, -391.197357,
-    -498.112122, -5.190608, -392.182343,
-    -498.507446, -5.332036, -393.186005,
-    -498.873962, -5.472911, -394.200806,
-    -499.234314, -5.613681, -395.218109,
-    -499.678253, -5.800858, -396.489166,
-    -500.778503, -6.103849, -399.830353,
-    -501.068237, -6.140066, -400.878174,
-    -501.285126, -6.187640, -401.943726,
-    -501.455048, -5.907662, -402.972321,
-    -501.603912, -5.583361, -404.001343,
-    -501.743408, -5.360402, -405.062927,
-    -502.090485, -4.776625, -407.835724,
-    -503.105774, -2.217786, -416.217438,
-    -503.239807, -1.832487, -417.352051,
-    -503.333099, -1.481157, -418.377258,
-    -503.423798, -1.100163, -419.395477,
-    -503.386627, -0.703467, -420.402710,
-    -503.246399, -0.351263, -421.441803,
-    -502.988159, -0.045092, -422.453247,
-    -502.687469, 0.254894, -423.455109,
-    -502.373627, 0.594657, -424.430695,
-    -502.022430, 1.109420, -425.470734,
-    -501.691040, 1.542306, -426.415924,
-    -499.392395, 3.206969, -433.018402,
-    -499.253448, 3.375491, -434.080170,
-    -499.522461, 3.599207, -435.105164,
-    -500.032349, 3.822114, -436.033020,
-    -500.653107, 3.809904, -436.925049,
-    -501.312653, 3.793942, -437.789276,
-    -501.987488, 3.745028, -438.639038,
-    -503.010254, 3.617167, -439.904755,
-    -504.546265, 3.195670, -441.791504,
-    -505.474762, 3.454881, -442.943634,
-    -506.260468, 3.535620, -443.878723,
-    -506.956055, 3.542965, -444.714844,
-    -508.938232, 3.486761, -447.139069,
-    -509.594696, 3.471608, -448.007050,
-    -510.234344, 3.489084, -448.886902,
-    -512.427246, 3.586239, -451.998352,
-    -513.936096, 3.984726, -454.195862,
-    -514.540894, 4.233383, -455.064941,
-    -515.166321, 4.378668, -455.945282,
-    -516.262939, 4.290412, -457.499878,
-    -516.891174, 4.174067, -458.381256,
-    -517.627136, 3.970321, -459.154846,
-    -518.497131, 3.965434, -459.776428,
-    -519.472900, 3.961867, -460.252655,
-    -520.468811, 3.907594, -460.686981,
-    -521.475464, 3.856341, -461.097015,
-    -522.467651, 3.899534, -461.479309,
-    -523.431274, 4.273953, -461.837158,
-    -532.930542, 4.970236, -465.372864,
-    -533.836426, 5.003310, -465.964172,
-    -534.517090, 5.036720, -466.809723,
-    -535.063843, 5.069100, -467.748749,
-    -535.532227, 5.071708, -468.730682,
-    -535.968689, 5.042767, -469.726746,
-    -536.385559, 4.985219, -470.730225,
-    -536.996216, 4.874025, -472.240662,
-    -538.487976, 4.135559, -475.968048,
-    -538.877197, 4.030794, -476.973175,
-    -539.262268, 3.887287, -477.981995,
-    -539.575439, 3.940336, -479.021515,
-    -539.779053, 3.965811, -480.089569,
-    -539.916809, 3.983058, -481.168549,
-    -540.027405, 3.990070, -482.250732,
-    -540.122314, 3.997955, -483.334686,
-    -540.210938, 3.984653, -484.419312,
-    -541.090576, 3.211054, -496.324768,
-    -541.168152, 3.029897, -497.395050,
-    -541.225708, 2.852559, -498.466858,
-    -541.208801, 2.688696, -499.542267,
-    -541.137390, 2.576481, -500.620575,
-    -541.029846, 2.491427, -501.699982,
-    -540.901306, 2.387329, -502.777466,
-    -540.700256, 2.348901, -504.390961,
-    -539.072510, 0.190201, -516.318054,
-    -538.841309, 0.175944, -517.380859,
-    -538.530579, 0.156524, -518.422974,
-    -538.178406, 0.134513, -519.452148,
-    -537.805481, 0.111208, -520.473999,
-    -537.424194, 0.087378, -521.492676,
-    -536.306885, 0.056635, -524.412842,
-    -533.919128, 0.072274, -530.589355,
-    -534.307983, 0.225401, -529.584229,
-    -534.697571, 0.361172, -528.577515,
-    -538.121399, 0.130942, -519.723328,
-    -538.474670, 0.153023, -518.694641,
-    -538.752563, 0.170393, -517.643005,
-    -538.969421, 0.183949, -516.577148,
-    -539.157410, 0.272568, -515.513428,
-    -539.318237, 0.485071, -514.458435,
-    -539.542297, 0.803161, -512.873474,
-    -539.692932, 0.970816, -511.811584,
-    -539.838379, 1.181126, -510.753571,
-    -540.765686, 2.421811, -503.992981,
-    -540.907532, 2.391479, -502.915649,
-    -541.162781, 2.543372, -500.897217,
-    -541.213013, 2.639980, -499.816193,
-    -541.198853, 2.814182, -498.741730,
-    -541.153137, 2.989250, -497.668915,
-    -541.090637, 3.167528, -496.597382,
-    -540.901733, 3.472016, -493.766296,
-    -539.946655, 3.986804, -480.899536,
-    -539.758118, 3.963221, -479.829315,
-    -539.464539, 3.926524, -478.782715,
-    -539.127625, 3.884508, -477.750854,
-    -538.753662, 4.055820, -476.738281,
-    -538.086609, 4.375992, -474.991974,
-    -535.247925, 5.074961, -467.828430,
-    -534.701660, 5.041934, -466.858551,
-    -533.907593, 5.008235, -466.119568,
-    -532.972717, 4.975322, -465.566498,
-    -531.983582, 4.943339, -465.114624,
-    -530.979858, 4.951505, -464.695160,
-    -529.968079, 4.959478, -464.295441,
-    -528.951843, 4.983376, -463.907593,
-    -522.430969, 3.916511, -461.465240,
-    -521.404968, 3.857628, -461.086182,
-    -520.377686, 3.902210, -460.729462,
-    -519.369934, 3.953047, -460.322479,
-    -518.443848, 3.963709, -459.761841,
-    -517.644409, 3.968113, -459.040253,
-    -516.927307, 4.138369, -458.245422,
-    -516.257751, 4.275104, -457.397705,
-    -515.619324, 4.360233, -456.520050,
-    -514.989380, 4.372784, -455.633331,
-    -514.354065, 4.148522, -454.766449,
-    -513.569702, 3.888090, -453.690735,
-    -512.848206, 3.701035, -452.650909,
-    -512.268372, 3.550035, -451.781738,
-    -511.656403, 3.532558, -450.883881,
-    -510.565186, 3.495838, -449.323639,
-    -509.924683, 3.478686, -448.444824,
-    -509.263702, 3.481614, -447.580719,
-    -508.588806, 3.498191, -446.727631,
-    -507.732697, 3.521606, -445.671478,
-    -504.967285, 3.235765, -442.320770,
-    -504.184204, 3.426662, -441.405670,
-    -503.524536, 3.552731, -440.548615,
-    -502.838013, 3.638559, -439.709167,
-    -499.995270, 3.863406, -436.248932,
-    -499.458771, 3.631288, -435.332092,
-    -499.354584, 3.427225, -434.275543,
-    -499.518890, 3.263798, -433.213623,
-    -499.786255, 3.119409, -432.168945,
-    -500.093414, 2.942964, -431.138855,
-    -500.416901, 2.698143, -430.129211,
-    -500.756897, 2.452024, -429.125366,
-    -501.102753, 2.205250, -428.123657,
-    -501.993927, 1.130284, -425.598083,
-    -502.375153, 0.625838, -424.550262,
-    -502.760925, 0.259216, -423.439453,
-    -503.125061, -0.073914, -422.319733,
-    -503.344879, -0.434069, -421.301147,
-    -503.392548, -0.782053, -420.267029,
-    -503.345978, -1.156086, -419.237427,
-    -503.275909, -1.517113, -418.212494,
-    -503.200043, -1.875748, -417.190155,
-    -503.092529, -2.185827, -416.171051,
-    -501.571167, -5.735084, -403.501678,
-    -501.418823, -6.069547, -402.475281,
-    -501.176941, -6.153698, -401.405243,
-    -500.898254, -6.118875, -400.354431,
-    -500.586060, -6.079853, -399.313019,
-    -500.255157, -6.038494, -398.277283,
-    -499.919769, -5.917615, -397.250214,
-    -498.133850, -5.162109, -391.881653,
-    -497.607086, -5.099213, -390.933563,
-    -496.951874, -5.030679, -390.068451,
-    -496.247040, -4.960183, -389.242767,
-    -495.526642, -4.922899, -388.429321,
-    -494.798859, -4.939609, -387.620911,
-    -494.057587, -4.973323, -386.825287,
-    -493.242004, -5.007064, -386.107086,
-    -492.357513, -5.040519, -385.475281,
-    -491.422150, -5.050906, -384.920258,
-    -490.463867, -5.046978, -384.405090,
-    -489.496246, -5.027953, -383.907104,
-    -488.524017, -5.008810, -383.419098,
-    -483.903564, -5.444798, -381.144897,
-    -482.970856, -5.764278, -380.673676,
-    -482.046753, -6.081060, -380.195770,
-    -481.059265, -6.036974, -379.756531,
-    -480.068268, -6.092669, -379.310974,
-    -478.083740, -6.252785, -378.424103,
-    -475.939850, -5.600721, -377.478241,
-    -474.095123, -5.269806, -376.659973,
-    -472.988983, -5.088950, -376.167572,
-    -471.997314, -4.996942, -375.725739,
-    -467.519684, -5.021126, -373.745483,
-    -466.568787, -4.988472, -373.221497,
-    -465.785889, -4.954824, -372.473022,
-    -465.155731, -4.938012, -371.586975,
-    -464.613434, -4.943035, -370.644104,
-    -464.112732, -4.970317, -369.678741,
-    -463.636993, -5.030797, -368.702332,
-    -463.174835, -5.119479, -367.720856,
-    -462.721741, -5.261708, -366.742218,
-    -461.430298, -5.878856, -363.953918,
-    -460.990692, -5.964869, -362.965485,
-    -459.656555, -6.049467, -359.997162,
-    -459.353271, -6.087378, -358.954742,
-    -459.191864, -6.107553, -357.879517,
-    -459.106384, -6.118238, -356.795227,
-    -459.081055, -6.089601, -355.710297,
-    -459.074738, -5.935709, -354.633362,
-    -459.104004, -5.658697, -351.932465,
-    -459.120667, -5.591868, -350.846558,
-    -459.187042, -5.479144, -346.507324,
-    -459.430115, -5.749809, -332.941071,
-    -459.453735, -5.802073, -331.854553,
-    -459.471832, -5.754164, -330.767517,
-    -459.490845, -5.694329, -329.681580,
-    -459.512299, -5.627197, -328.459930,
-    -459.529968, -5.682715, -327.376678,
-    -459.596893, -6.022334, -323.863861,
-    -459.627655, -6.068361, -321.961487,
-    -459.653656, -6.049818, -320.465668,
-    -459.672607, -6.047450, -319.377808,
-    -459.690857, -6.045168, -318.289795,
-    -459.733826, -6.098748, -317.204376,
-    -459.866302, -6.163945, -316.126587,
-    -460.061859, -6.354894, -315.070129,
-    -460.284729, -6.588387, -314.031128,
-    -460.533112, -6.826213, -312.999054,
-    -460.823303, -7.095395, -311.840057,
-    -462.704620, -9.301330, -304.645416,
-    -462.954193, -9.692020, -303.546783,
-    -463.049988, -10.017150, -302.513519,
-    -463.025604, -10.351537, -301.479034,
-    -462.936340, -10.689318, -300.448883,
-    -462.818665, -11.044333, -299.424500,
-    -462.686890, -11.409551, -298.408417,
-    -462.388000, -12.191285, -296.252502,
-    -460.616119, -15.430405, -284.034149,
-    -460.460663, -15.766811, -283.004272,
-    -460.297577, -16.098799, -281.981476,
-    -460.138611, -16.023895, -280.905792,
-    -459.880035, -16.021536, -279.850311,
-    -459.524323, -16.066000, -278.793884,
-    -459.151947, -16.112444, -277.774414,
-    -458.760895, -15.948345, -276.768036,
-    -457.728149, -15.418857, -274.162994,
-    -457.121918, -15.183194, -272.663147,
-    -455.141998, -14.929026, -267.753723,
-    -454.605865, -14.961267, -266.809937,
-    -453.910492, -14.994783, -265.975586,
-    -453.106659, -15.028536, -265.243866,
-    -452.248810, -15.071724, -264.575989,
-    -451.363373, -15.070765, -263.944366,
-    -450.467194, -15.049448, -263.327393,
-    -449.339539, -15.027678, -262.566895,
-    -446.158661, -15.106158, -260.478607,
-    -445.146484, -15.217936, -260.096680,
-    -444.094391, -15.313764, -259.845978,
-    -443.059662, -15.693615, -259.832489,
-    -442.038452, -16.061672, -259.905914,
-    -440.926056, -16.011379, -259.961243,
-    -439.853027, -16.029181, -259.818878,
-    -438.834473, -16.076151, -259.442963,
-    -437.860443, -16.135080, -258.975220,
-    -436.944824, -15.842243, -258.482483,
-    -436.029755, -15.561083, -257.958588,
-    -435.103333, -15.389626, -257.408356,
-    -433.018707, -15.096863, -256.158447,
-    -423.253204, -15.007891, -250.244461,
-    -422.581299, -15.076889, -249.399033,
-    -422.162994, -15.134439, -248.398422,
-    -421.907043, -15.243899, -247.346481,
-    -421.727417, -15.378567, -246.282013,
-    -421.576630, -15.511925, -245.212921,
-    -421.436920, -15.814054, -244.166107,
-    -421.312561, -15.977121, -243.104950,
-    -421.161774, -16.151787, -241.633881,
-    -421.101837, -16.144278, -240.547592,
-    -421.054230, -16.138294, -239.460739,
-    -420.986694, -16.129854, -237.557938,
-    -420.237152, -15.986206, -212.018356,
-    -420.191437, -15.916931, -210.797974,
-    -420.120667, -15.789013, -207.812439,
-    -420.097992, -15.820995, -206.456985,
-    -419.913025, -16.017410, -199.259720,
-    -420.074188, -16.138962, -198.186157,
-    -420.394592, -15.806675, -197.200790,
-    -420.823639, -15.475427, -196.257751,
-    -421.315735, -15.246454, -195.308350,
-    -421.840698, -15.131503, -194.360291,
-    -422.374817, -15.078588, -193.413864,
-    -424.067291, -15.028349, -190.467560,
-    -427.695129, -14.944219, -184.241776,
-    -428.330750, -15.027770, -183.363968,
-    -429.060547, -15.124342, -182.563538,
-    -429.847046, -15.204210, -181.816025,
-    -430.657654, -15.276329, -181.094086,
-    -431.483185, -15.340816, -180.388275,
-    -432.919403, -15.584278, -179.168777,
-    -446.700073, -18.848972, -167.730667,
-    -447.838928, -18.971676, -166.769211,
-    -450.328156, -19.379137, -164.696960,
-    -451.060272, -19.534018, -163.909332,
-    -451.625610, -19.500000, -162.980560,
-    -452.083923, -19.517031, -161.994354,
-    -452.476959, -19.566160, -160.981140,
-    -452.841187, -19.611700, -159.956909,
-    -453.191650, -19.646599, -158.927551,
-    -454.367828, -19.964460, -155.331253,
-    -455.293671, -20.791029, -152.456436,
-    -455.619934, -20.976021, -151.448273,
-    -460.864044, -21.582912, -135.124496,
-    -461.198395, -21.523344, -134.089920,
-    -463.464020, -20.982677, -127.008972,
-    -463.628113, -20.996647, -125.935585,
-    -463.609283, -21.038952, -124.848961,
-    -463.521912, -21.146475, -123.767731,
-    -463.400543, -21.146563, -122.686722,
-    -463.201691, -21.188892, -121.067558,
-    -463.072876, -21.257940, -119.990120,
-    -462.932098, -21.293131, -118.911903,
-    -460.858124, -21.810720, -103.154648,
-    -460.394226, -21.855116, -102.181808,
-    -459.633484, -21.864172, -101.409859,
-    -458.751892, -21.805742, -100.775322,
-    -457.821533, -21.747103, -100.215164,
-    -456.871063, -21.669014, -99.690086,
-    -455.908997, -21.711084, -99.185425,
-    -452.652191, -21.466049, -97.507286,
-    -427.503632, -19.772459, -84.766029,
-    -426.533905, -19.798971, -84.273788,
-    -424.118073, -20.060156, -83.055641,
-    -423.148651, -19.991360, -82.567337
+    {-439.970, -16.752, -255.100},
+    {-440.602, -16.538, -255.958},
+    {-441.127, -16.394, -256.900},
+    {-441.494, -16.267, -257.915},
+    {-441.581, -16.133, -258.985},
+    {-441.024, -16.028, -259.826},
+    {-439.954, -16.028, -259.822},
+    {-438.925, -16.072, -259.474},
+    {-437.941, -16.180, -259.014},
+    {-437.021, -15.868, -258.524},
+    {-436.108, -15.583, -258.000},
+    {-435.179, -15.400, -257.455},
+    {-432.864, -15.075, -256.065},
+    {-423.557, -14.982, -250.437},
+    {-422.761, -15.055, -249.708},
+    {-422.268, -15.117, -248.744},
+    {-421.972, -15.198, -247.701},
+    {-421.776, -15.333, -246.640},
+    {-421.618, -15.467, -245.572},
+    {-421.478, -15.717, -244.517},
+    {-421.351, -15.921, -243.463},
+    {-421.186, -16.198, -241.860},
+    {-421.114, -16.145, -240.774},
+    {-421.063, -16.139, -239.687},
+    {-420.994, -16.130, -237.785},
+    {-420.230, -15.989, -211.979},
+    {-420.197, -15.922, -210.893},
+    {-420.124, -15.798, -207.772},
+    {-420.100, -15.813, -206.552},
+    {-419.909, -16.017, -199.219},
+    {-420.047, -16.120, -198.143},
+    {-420.387, -15.748, -197.158},
+    {-420.822, -15.460, -196.220},
+    {-421.321, -15.238, -195.271},
+    {-421.853, -15.129, -194.327},
+    {-423.947, -15.024, -190.672},
+    {-427.640, -14.942, -184.327},
+    {-428.275, -15.015, -183.448},
+    {-428.993, -15.115, -182.637},
+    {-429.774, -15.196, -181.884},
+    {-430.584, -15.269, -181.162},
+    {-431.407, -15.339, -180.452},
+    {-432.945, -15.590, -179.147},
+    {-446.838, -18.853, -167.615},
+    {-447.872, -18.977, -166.740},
+    {-450.464, -19.402, -164.580},
+    {-451.186, -19.500, -163.781},
+    {-451.724, -19.500, -162.836},
+    {-452.156, -19.526, -161.839},
+    {-452.542, -19.574, -160.823},
+    {-452.902, -19.619, -159.797},
+    {-453.247, -19.652, -158.765},
+    {-454.379, -19.973, -155.298},
+    {-455.345, -20.866, -152.299},
+    {-455.671, -20.945, -151.285},
+    {-456.993, -21.072, -147.165},
+    {-457.321, -21.268, -146.147},
+    {-460.919, -21.558, -134.955},
+    {-461.252, -21.516, -133.920},
+    {-463.684, -20.974, -126.322},
+    {-463.735, -21.005, -125.238},
+    {-463.618, -21.100, -124.159},
+    {-463.476, -21.130, -123.083},
+    {-460.845, -21.814, -103.009},
+    {-460.340, -21.860, -102.053},
+    {-459.548, -21.859, -101.316},
+    {-458.651, -21.799, -100.705},
+    {-457.715, -21.738, -100.153},
+    {-456.764, -21.662,  -99.631},
+    {-455.801, -21.716,  -99.128},
+    {-452.543, -21.461,  -97.451},
+    {-427.263, -19.779,  -84.644},
+    {-426.292, -19.805,  -84.153},
+    {-424.000, -20.058,  -82.994},
+    {-423.030, -19.983,  -82.507},
+    {-396.179, -20.642,  -68.915},
+    {-395.230, -20.758,  -68.394},
+    {-394.369, -20.974,  -67.755},
+    {-393.589, -21.246,  -67.048},
+    {-392.859, -21.419,  -66.273},
+    {-392.153, -21.557,  -65.456},
+    {-391.468, -21.778,  -64.640},
+    {-390.559, -22.323,  -63.552},
+    {-389.849, -22.824,  -62.691},
+    {-387.739, -24.336,  -60.088},
+    {-387.035, -24.853,  -59.230},
+    {-386.339, -25.370,  -58.366},
+    {-385.651, -26.125,  -57.510},
+    {-385.033, -27.045,  -56.701},
+    {-384.452, -27.587,  -55.817},
+    {-383.951, -27.987,  -54.938},
+    {-383.386, -28.294,  -53.910},
+    {-382.906, -28.606,  -52.984},
+    {-382.409, -28.917,  -52.069},
+    {-381.867, -29.025,  -51.137},
+    {-381.301, -29.172,  -50.219},
+    {-380.727, -29.320,  -49.307},
+    {-364.454, -30.016,  -24.085},
+    {-354.090, -29.671,   -8.006},
+    {-353.540, -29.834,   -7.080},
+    {-353.008, -30.037,   -6.150},
+    {-351.508, -30.500,   -3.461},
+    {-344.298, -31.130,    9.622},
+    {-343.719, -31.229,   10.534},
+    {-343.014, -31.336,   11.354},
+    {-342.196, -31.448,   12.062},
+    {-341.337, -31.562,   12.721},
+    {-340.463, -31.676,   13.359},
+    {-339.578, -31.747,   13.983},
+    {-338.684, -31.777,   14.604},
+    {-331.282, -31.493,   19.661},
+    {-330.308, -31.447,   20.141},
+    {-329.288, -31.455,   20.518},
+    {-328.249, -31.395,   20.818},
+    {-327.199, -31.337,   21.087},
+    {-326.141, -31.381,   21.338},
+    {-325.082, -31.432,   21.581},
+    {-320.835, -31.395,   22.525},
+    {-319.773, -31.337,   22.757},
+    {-316.724, -31.168,   23.434},
+    {-315.697, -31.067,   23.774},
+    {-314.713, -31.001,   24.234},
+    {-313.761, -30.953,   24.758},
+    {-312.835, -30.887,   25.325},
+    {-311.918, -30.789,   25.902},
+    {-310.216, -30.826,   27.010},
+    {-307.517, -31.226,   28.788},
+    {-306.582, -31.154,   29.342},
+    {-305.625, -31.055,   29.852},
+    {-304.660, -30.967,   30.347},
+    {-303.691, -30.867,   30.831},
+    {-301.273, -30.522,   32.021},
+    {-300.325, -30.253,   32.488},
+    {-297.896, -29.961,   33.678},
+    {-296.921, -29.980,   34.155},
+    {-283.175, -30.000,   40.879},
+    {-282.197, -30.000,   41.357},
+    {-273.907, -30.223,   45.435},
+    {-273.112, -30.613,   46.087},
+    {-272.551, -31.027,   46.919},
+    {-272.154, -31.419,   47.850},
+    {-271.860, -31.801,   48.831},
+    {-271.583, -32.090,   49.799},
+    {-271.340, -32.425,   50.806},
+    {-270.992, -32.844,   52.328},
+    {-269.161, -35.016,   60.795},
+    {-268.899, -35.537,   62.046},
+    {-267.436, -38.003,   68.796},
+    {-267.218, -38.403,   69.785},
+    {-266.716, -39.181,   72.162},
+    {-266.646, -39.236,   73.245},
+    {-266.741, -39.305,   74.326},
+    {-266.943, -39.503,   75.379},
+    {-267.198, -39.606,   76.420},
+    {-267.467, -39.573,   77.473},
+    {-267.751, -39.537,   78.523},
+    {-269.489, -39.688,   84.654},
+    {-269.779, -39.940,   85.672},
+    {-270.407, -40.357,   87.859},
+    {-270.701, -40.217,   88.897},
+    {-271.803, -39.582,   92.765},
+    {-272.103, -39.621,   93.822},
+    {-274.938, -40.094,  103.757},
+    {-275.234, -39.950,  104.796},
+    {-278.316, -39.956,  115.598},
+    {-278.657, -40.000,  116.626},
+    {-279.067, -40.000,  117.634},
+    {-279.518, -40.000,  118.624},
+    {-279.993, -40.000,  119.603},
+    {-280.484, -40.000,  120.574},
+    {-280.980, -40.000,  121.543},
+    {-286.929, -39.008,  132.941},
+    {-287.430, -38.897,  133.901},
+    {-287.937, -38.781,  134.856},
+    {-288.510, -38.692,  135.778},
+    {-289.157, -38.665,  136.652},
+    {-289.833, -38.639,  137.504},
+    {-290.523, -38.604,  138.344},
+    {-291.396, -38.552,  139.386},
+    {-300.068, -35.596,  149.616},
+    {-300.450, -35.417,  150.612},
+    {-300.480, -35.302,  151.691},
+    {-300.363, -35.374,  152.765},
+    {-300.181, -35.526,  153.827},
+    {-299.967, -35.682,  154.883},
+    {-299.740, -35.856,  155.933},
+    {-299.166, -36.110,  158.434},
+    {-297.842, -36.519,  164.110},
+    {-297.711, -36.728,  165.169},
+    {-297.791, -36.897,  166.237},
+    {-298.034, -37.036,  167.288},
+    {-298.354, -37.162,  168.321},
+    {-298.708, -37.283,  169.343},
+    {-299.123, -37.480,  170.478},
+    {-299.870, -38.047,  172.461},
+    {-300.458, -38.762,  173.968},
+    {-301.121, -39.588,  175.707},
+    {-301.488, -39.880,  176.703},
+    {-301.741, -40.187,  177.714},
+    {-301.840, -40.504,  178.748},
+    {-301.855, -40.822,  179.788},
+    {-301.822, -41.188,  180.817},
+    {-301.758, -41.552,  181.840},
+    {-301.682, -41.920,  182.862},
+    {-301.407, -42.825,  186.114},
+    {-300.501, -45.446,  196.063},
+    {-300.327, -45.781,  197.086},
+    {-300.107, -46.023,  198.101},
+    {-299.892, -46.020,  199.202},
+    {-299.658, -46.049,  200.264},
+    {-299.083, -45.989,  202.775},
+    {-298.839, -45.840,  203.825},
+    {-298.599, -45.612,  204.856},
+    {-297.294, -45.038,  210.384},
+    {-296.802, -45.031,  211.348},
+    {-296.003, -44.947,  212.076},
+    {-295.089, -44.939,  212.665},
+    {-294.132, -44.971,  213.180},
+    {-293.159, -45.004,  213.666},
+    {-292.177, -45.043,  214.134},
+    {-290.945, -45.035,  214.709},
+    {-282.860, -45.922,  218.423},
+    {-281.928, -46.162,  218.882},
+    {-280.925, -46.093,  219.302},
+    {-279.942, -46.035,  219.765},
+    {-278.976, -46.039,  220.261},
+    {-278.019, -46.126,  220.774},
+    {-276.532, -45.679,  221.595},
+    {-273.266, -45.098,  223.469},
+    {-272.324, -45.015,  224.010},
+    {-268.550, -45.024,  226.176},
+    {-267.745, -45.022,  226.900},
+    {-267.117, -44.979,  227.787},
+    {-266.573, -44.975,  228.729},
+    {-266.066, -44.982,  229.691},
+    {-265.576, -45.041,  230.663},
+    {-265.079, -45.163,  231.627},
+    {-264.597, -45.264,  232.595},
+    {-264.152, -45.446,  233.563},
+    {-263.697, -45.680,  234.523},
+    {-262.016, -46.281,  238.029},
+    {-261.556, -46.201,  239.014},
+    {-256.600, -45.025,  249.377},
+    {-255.970, -44.957,  250.260},
+    {-255.212, -44.939,  251.038},
+    {-254.386, -44.945,  251.745},
+    {-253.526, -44.969,  252.411},
+    {-252.652, -45.002,  253.058},
+    {-251.770, -45.036,  253.696},
+    {-244.441, -45.275,  258.863},
+    {-243.505, -45.542,  259.357},
+    {-242.523, -45.906,  259.648},
+    {-241.460, -46.028,  259.823},
+    {-240.374, -46.019,  259.894},
+    {-239.287, -46.013,  259.945},
+    {-238.200, -46.008,  259.982},
+    {-235.359, -46.299,  260.041},
+    {-231.212, -47.047,  260.111},
+    {-228.414, -47.613,  260.165},
+    {-227.395, -48.089,  260.184},
+    {-225.697, -48.950,  260.216},
+    {-224.363, -49.629,  260.239},
+    {-223.352, -49.953,  260.253},
+    {-216.001, -52.412,  260.375},
+    {-214.947, -52.636,  260.390},
+    {-204.417, -55.326,  260.560},
+    {-203.368, -55.655,  260.576},
+    {-202.049, -56.112,  260.577},
+    {-200.935, -56.080,  260.591},
+    {-184.915, -56.834,  260.617},
+    {-183.857, -57.100,  260.594},
+    {-182.771, -57.095,  260.613},
+    {-181.551, -57.195,  260.611},
+    {-180.467, -57.268,  260.554},
+    {-179.388, -57.235,  260.443},
+    {-178.313, -57.323,  260.301},
+    {-177.240, -57.410,  260.141},
+    {-175.639, -57.602,  259.888},
+    {-153.454, -59.971,  256.230},
+    {-152.371, -59.941,  256.202},
+    {-151.338, -59.899,  256.526},
+    {-150.409, -59.899,  257.091},
+    {-149.546, -59.905,  257.754},
+    {-148.712, -59.944,  258.451},
+    {-147.891, -59.982,  259.164},
+    {-147.077, -59.987,  259.886},
+    {-145.559, -59.996,  261.249},
+    {-135.296, -61.920,  270.550, {delay = 5}}, -- report
+    {-136.884, -61.542,  269.110},
+    {-150.086, -59.899,  257.147},
+    {-151.020, -59.899,  256.592},
+    {-152.073, -59.902,  256.345},
+    {-153.159, -59.929,  256.347},
+    {-154.243, -59.956,  256.436},
+    {-155.322, -59.991,  256.572},
+    {-156.398, -59.956,  256.729},
+    {-158.145, -59.938,  257.003},
+    {-178.976, -57.275,  260.436},
+    {-180.056, -57.302,  260.523},
+    {-181.140, -57.218,  260.571},
+    {-182.225, -57.135,  260.593},
+    {-183.310, -57.070,  260.604},
+    {-184.389, -56.970,  260.592},
+    {-185.446, -56.699,  260.612},
+    {-186.534, -56.616,  260.619},
+    {-188.029, -56.562,  260.618},
+    {-207.543, -54.695,  260.506},
+    {-208.593, -54.421,  260.490},
+    {-227.786, -47.844,  260.176},
+    {-228.828, -47.528,  260.161},
+    {-230.026, -47.278,  260.139},
+    {-234.035, -46.541,  260.063},
+    {-240.660, -46.011,  259.960},
+    {-241.744, -46.169,  259.869},
+    {-242.749, -45.785,  259.621},
+    {-243.688, -45.496,  259.184},
+    {-244.613, -45.269,  258.647},
+    {-245.518, -45.137,  258.052},
+    {-246.419, -45.087,  257.445},
+    {-247.315, -45.036,  256.830},
+    {-249.769, -45.024,  255.119},
+    {-254.651, -44.940,  251.663},
+    {-255.433, -44.937,  250.909},
+    {-256.076, -44.971,  250.033},
+    {-256.635, -45.035,  249.102},
+    {-257.142, -45.097,  248.142},
+    {-257.629, -45.233,  247.177},
+    {-258.461, -45.483,  245.483},
+    {-259.049, -45.740,  244.276},
+    {-259.516, -45.851,  243.307},
+    {-264.719, -45.247,  232.364},
+    {-265.227, -45.105,  231.261},
+    {-265.719, -44.985,  230.292},
+    {-266.195, -44.977,  229.313},
+    {-266.685, -44.971,  228.342},
+    {-267.309, -44.990,  227.454},
+    {-268.097, -45.024,  226.706},
+    {-268.976, -45.019,  226.065},
+    {-269.888, -45.017,  225.473},
+    {-270.818, -45.019,  224.907},
+    {-271.753, -45.000,  224.352},
+    {-273.165, -45.084,  223.535},
+    {-274.098, -45.217,  222.991},
+    {-275.034, -45.352,  222.454},
+    {-276.433, -45.645,  221.653},
+    {-278.282, -46.227,  220.580},
+    {-279.259, -46.019,  220.105},
+    {-280.239, -46.051,  219.636},
+    {-281.715, -46.138,  218.944},
+    {-295.072, -44.942,  212.826},
+    {-295.975, -44.965,  212.229},
+    {-296.626, -44.995,  211.363},
+    {-297.092, -45.025,  210.383},
+    {-297.438, -45.079,  209.353},
+    {-297.736, -45.130,  208.308},
+    {-298.005, -45.248,  207.260},
+    {-298.264, -45.386,  206.212},
+    {-299.041, -45.962,  202.959},
+    {-299.294, -46.129,  201.913},
+    {-299.533, -46.064,  200.852},
+    {-299.778, -46.034,  199.792},
+    {-300.021, -46.009,  198.732},
+    {-300.230, -45.949,  197.678},
+    {-300.387, -45.645,  196.654},
+    {-300.517, -45.328,  195.618},
+    {-300.631, -45.131,  194.554},
+    {-300.736, -44.933,  193.489},
+    {-301.916, -41.039,  180.393},
+    {-301.952, -40.689,  179.362},
+    {-301.844, -40.380,  178.326},
+    {-301.584, -40.074,  177.315},
+    {-301.265, -39.777,  176.319},
+    {-300.939, -39.442,  175.363},
+    {-300.565, -38.942,  174.325},
+    {-300.181, -38.417,  173.289},
+    {-299.740, -37.873,  172.134},
+    {-299.364, -37.599,  171.148},
+    {-298.786, -37.338,  169.644},
+    {-298.402, -37.208,  168.635},
+    {-298.027, -37.092,  167.620},
+    {-297.779, -36.955,  166.573},
+    {-297.768, -36.779,  165.501},
+    {-297.893, -36.572,  164.441},
+    {-298.075, -36.378,  163.386},
+    {-298.291, -36.245,  162.328},
+    {-298.523, -36.191,  161.267},
+    {-299.099, -36.119,  158.749},
+    {-300.622, -35.272,  152.185},
+    {-300.546, -35.356,  151.112},
+    {-300.139, -35.533,  150.124},
+    {-299.563, -35.738,  149.226},
+    {-298.926, -35.974,  148.366},
+    {-298.292, -36.369,  147.566},
+    {-297.652, -36.771,  146.784},
+    {-296.598, -37.424,  145.524},
+    {-289.386, -38.662,  137.017},
+    {-288.751, -38.680,  136.135},
+    {-288.184, -38.716,  135.207},
+    {-287.656, -38.841,  134.261},
+    {-286.957, -39.001,  132.948},
+    {-286.436, -38.979,  131.993},
+    {-285.933, -39.086,  131.035},
+    {-279.544, -40.000,  118.786},
+    {-279.095, -40.000,  117.795},
+    {-278.723, -40.000,  116.773},
+    {-278.390, -40.000,  115.739},
+    {-278.077, -39.844,  114.705},
+    {-277.060, -39.500,  111.198},
+    {-271.665, -39.568,   92.294},
+    {-271.258, -39.819,   90.879},
+    {-269.650, -39.829,   85.218},
+    {-269.097, -39.500,   83.293},
+    {-266.809, -39.475,   75.200},
+    {-266.649, -39.287,   74.141},
+    {-266.706, -39.230,   73.057},
+    {-266.841, -39.182,   71.979},
+    {-267.013, -38.883,   70.972},
+    {-267.203, -38.458,   69.986},
+    {-267.405, -38.092,   68.997},
+    {-267.967, -37.205,   66.336},
+    {-269.169, -35.011,   60.768},
+    {-269.416, -34.755,   59.608},
+    {-271.049, -32.833,   52.036},
+    {-271.266, -32.500,   51.020},
+    {-271.939, -31.580,   47.963},
+    {-272.323, -31.133,   47.024},
+    {-273.091, -30.631,   46.207},
+    {-273.918, -30.234,   45.609},
+    {-274.847, -30.141,   45.052},
+    {-275.801, -30.049,   44.537},
+    {-276.767, -30.004,   44.039},
+    {-277.740, -30.000,   43.551},
+    {-295.029, -30.001,   35.084},
+    {-296.004, -30.028,   34.606},
+    {-298.320, -30.011,   33.472},
+    {-299.292, -30.127,   32.998},
+    {-300.744, -30.420,   32.287},
+    {-301.822, -30.660,   31.766},
+    {-305.449, -31.039,   29.961},
+    {-306.393, -31.150,   29.427},
+    {-307.322, -31.208,   28.864},
+    {-308.242, -31.225,   28.287},
+    {-309.370, -30.999,   27.554},
+    {-313.548, -30.951,   24.807},
+    {-314.496, -30.999,   24.278},
+    {-315.499, -31.051,   23.858},
+    {-316.537, -31.154,   23.544},
+    {-317.590, -31.206,   23.277},
+    {-318.646, -31.269,   23.025},
+    {-319.705, -31.330,   22.782},
+    {-328.585, -31.461,   20.809},
+    {-329.604, -31.452,   20.447},
+    {-330.576, -31.458,   19.959},
+    {-331.516, -31.525,   19.415},
+    {-332.434, -31.586,   18.835},
+    {-333.342, -31.637,   18.237},
+    {-334.808, -31.720,   17.253},
+    {-341.755, -31.512,   12.505},
+    {-342.587, -31.399,   11.814},
+    {-343.284, -31.293,   10.987},
+    {-343.903, -31.204,   10.098},
+    {-344.476, -31.068,    9.182},
+    {-345.021, -30.936,    8.250},
+    {-345.557, -30.848,    7.308},
+    {-346.944, -30.665,    4.819},
+    {-352.769, -30.134,   -5.750},
+    {-353.430, -29.865,   -6.908},
+    {-353.990, -29.703,   -7.826},
+    {-354.571, -29.606,   -8.750},
+    {-359.278, -30.020,  -16.060},
+    {-359.865, -29.940,  -16.974},
+    {-366.939, -29.873,  -27.931},
+    {-367.528, -29.888,  -28.845},
+    {-376.512, -29.969,  -42.758},
+    {-377.103, -29.932,  -43.671},
+    {-381.560, -29.108,  -50.606},
+    {-382.097, -28.962,  -51.540},
+    {-382.600, -28.786,  -52.479},
+    {-383.076, -28.473,  -53.406},
+    {-383.741, -28.044,  -54.676},
+    {-384.273, -27.694,  -55.554},
+    {-384.877, -27.241,  -56.411},
+    {-385.524, -26.414,  -57.283},
+    {-386.158, -25.591,  -58.105},
+    {-386.828, -24.977,  -58.949},
+    {-390.529, -22.315,  -63.529},
+    {-392.262, -21.522,  -65.653},
+    {-392.948, -21.380,  -66.485},
+    {-393.689, -21.182,  -67.244},
+    {-394.540, -20.930,  -67.872},
+    {-395.454, -20.739,  -68.440},
+    {-396.398, -20.635,  -68.968},
+    {-397.357, -20.571,  -69.479},
+    {-398.320, -20.508,  -69.982},
+    {-400.858, -20.346,  -71.281},
+    {-416.078, -20.016,  -78.992},
+    {-417.048, -19.936,  -79.480},
+    {-427.943, -19.760,  -84.990},
+    {-428.913, -19.807,  -85.480},
+    {-432.057, -20.048,  -87.078},
+    {-433.018, -20.206,  -87.563},
+    {-434.463, -20.382,  -88.293},
+    {-435.430, -20.458,  -88.786},
+    {-452.483, -21.459,  -97.418},
+    {-453.453, -21.498,  -97.910},
+    {-455.629, -21.682,  -99.016},
+    {-456.597, -21.676,  -99.507},
+    {-459.140, -21.836, -100.792},
+    {-459.946, -21.893, -101.510},
+    {-460.448, -21.846, -102.472},
+    {-460.755, -21.810, -103.514},
+    {-460.974, -21.743, -104.577},
+    {-461.155, -21.659, -105.647},
+    {-461.317, -21.591, -106.720},
+    {-461.468, -21.524, -107.796},
+    {-463.602, -21.103, -124.129},
+    {-463.619, -21.024, -125.213},
+    {-463.478, -21.006, -126.292},
+    {-463.249, -21.002, -127.355},
+    {-462.966, -21.089, -128.399},
+    {-462.668, -21.285, -129.427},
+    {-462.235, -21.446, -130.840},
+    {-460.657, -21.688, -135.754},
+    {-460.330, -21.662, -136.789},
+    {-455.015, -20.520, -153.317},
+    {-454.692, -20.245, -154.319},
+    {-452.376, -19.553, -161.505},
+    {-451.983, -19.504, -162.518},
+    {-451.383, -19.500, -163.425},
+    {-450.662, -19.500, -164.235},
+    {-449.881, -19.324, -164.978},
+    {-449.075, -19.183, -165.695},
+    {-448.256, -19.045, -166.398},
+    {-447.224, -18.874, -167.267},
+    {-446.393, -18.880, -167.969},
+    {-444.853, -18.565, -169.265},
+    {-429.819, -15.220, -181.753},
+    {-429.047, -15.136, -182.514},
+    {-428.378, -15.023, -183.364},
+    {-427.766, -14.929, -184.258},
+    {-427.184, -14.948, -185.176},
+    {-426.620, -14.981, -186.106},
+    {-420.939, -15.316, -195.861},
+    {-420.463, -15.644, -196.799},
+    {-420.179, -15.996, -197.782},
+    {-420.054, -16.013, -198.776},
+    {-420.006, -16.007, -199.863},
+    {-419.994, -16.007, -200.951},
+    {-420.002, -16.006, -202.039},
+    {-420.028, -16.012, -203.534},
+    {-420.136, -15.819, -208.158},
+    {-420.158, -15.863, -209.517},
+    {-420.217, -15.970, -212.114},
+    {-420.270, -15.849, -213.198},
+    {-420.324, -15.797, -214.692},
+    {-420.826, -15.902, -232.085},
+    {-420.854, -15.979, -233.178},
+    {-421.049, -16.137, -239.834},
+    {-421.117, -16.146, -240.920},
+    {-421.206, -16.172, -242.004},
+    {-421.315, -15.984, -243.070},
+    {-421.494, -15.643, -244.787},
+    {-421.819, -15.221, -247.595},
+    {-422.154, -15.128, -248.622},
+    {-422.758, -15.061, -249.519},
+    {-423.569, -14.987, -250.238},
+    {-424.447, -14.935, -250.876},
+    {-425.353, -14.944, -251.478},
+    {-426.272, -14.957, -252.060},
+    {-427.197, -14.990, -252.632},
+    {-435.669, -15.466, -257.761},
+    {-436.582, -15.703, -258.315},
+    {-437.807, -16.083, -259.079},
+    {-438.774, -16.063, -259.543},
+    {-439.841, -16.037, -259.752},
+    {-440.927, -16.028, -259.821},
+    {-442.012, -16.065, -259.827},
+    {-443.029, -15.716, -259.796},
+    {-444.055, -15.340, -259.815},
+    {-445.097, -15.219, -260.104},
+    {-446.074, -15.110, -260.570},
+    {-447.027, -15.057, -261.092},
+    {-447.959, -15.005, -261.650},
+    {-448.870, -15.018, -262.244},
+    {-452.834, -15.055, -264.874},
+    {-453.655, -15.037, -265.585},
+    {-454.313, -14.975, -266.448},
+    {-454.843, -14.943, -267.396},
+    {-455.317, -14.926, -268.376},
+    {-455.755, -14.934, -269.371},
+    {-456.179, -14.990, -270.372},
+    {-458.718, -15.924, -276.598},
+    {-459.454, -16.074, -278.487},
+    {-459.765, -16.035, -279.529},
+    {-460.018, -16.008, -280.586},
+    {-460.219, -16.034, -281.655},
+    {-460.388, -15.869, -282.697},
+    {-460.631, -15.373, -284.238},
+    {-463.079, -10.491, -301.043},
+    {-463.087, -10.158, -302.077},
+    {-462.960,  -9.836, -303.109},
+    {-462.774,  -9.560, -304.125},
+    {-462.522,  -8.986, -305.196},
+    {-462.273,  -8.643, -306.190},
+    {-462.021,  -8.278, -307.184},
+    {-460.034,  -6.387, -314.867},
+    {-459.871,  -6.200, -315.926},
+    {-459.784,  -6.106, -317.006},
+    {-459.729,  -6.040, -318.091},
+    {-459.694,  -6.044, -319.178},
+    {-459.585,  -6.053, -324.342},
+    {-459.546,  -5.772, -326.638},
+    {-459.503,  -5.646, -328.802},
+    {-459.475,  -5.742, -330.568},
+    {-459.458,  -5.785, -331.654},
+    {-459.434,  -5.762, -332.741},
+    {-459.407,  -5.823, -334.235},
+    {-459.388,  -5.885, -335.321},
+    {-459.238,  -5.855, -343.748},
+    {-459.212,  -5.653, -345.233},
+    {-459.171,  -5.405, -347.661},
+    {-459.148,  -5.488, -349.155},
+    {-459.102,  -5.651, -351.733},
+    {-459.078,  -5.694, -352.820},
+    {-459.029,  -6.086, -355.647},
+    {-459.029,  -6.127, -356.731},
+    {-459.140,  -6.113, -357.812},
+    {-459.383,  -6.083, -358.872},
+    {-459.727,  -6.040, -359.903},
+    {-460.125,  -6.022, -360.915},
+    {-460.547,  -6.109, -361.916},
+    {-460.983,  -5.974, -362.906},
+    {-461.694,  -5.748, -364.503},
+    {-464.664,  -4.937, -371.008},
+    {-465.236,  -4.933, -371.931},
+    {-466.029,  -4.964, -372.673},
+    {-466.928,  -4.997, -373.282},
+    {-467.884,  -5.034, -373.801},
+    {-468.857,  -5.029, -374.286},
+    {-469.843,  -5.023, -374.747},
+    {-470.833,  -5.019, -375.197},
+    {-472.694,  -5.035, -376.029},
+    {-473.677,  -5.200, -376.472},
+    {-474.661,  -5.361, -376.908},
+    {-476.374,  -5.724, -377.667},
+    {-477.943,  -6.254, -378.389},
+    {-478.940,  -6.155, -378.806},
+    {-479.933,  -6.100, -379.246},
+    {-480.918,  -6.043, -379.707},
+    {-481.900,  -6.081, -380.169},
+    {-484.013,  -5.418, -381.186},
+    {-491.435,  -5.052, -384.848},
+    {-492.353,  -5.041, -385.430},
+    {-493.202,  -5.007, -386.109},
+    {-493.992,  -4.974, -386.856},
+    {-494.756,  -4.940, -387.630},
+    {-495.507,  -4.923, -388.417},
+    {-496.431,  -4.977, -389.412},
+    {-497.107,  -5.046, -390.261},
+    {-497.657,  -5.110, -391.197},
+    {-498.112,  -5.190, -392.182},
+    {-498.507,  -5.332, -393.186},
+    {-498.873,  -5.472, -394.200},
+    {-499.234,  -5.613, -395.218},
+    {-499.678,  -5.800, -396.489},
+    {-500.778,  -6.103, -399.830},
+    {-501.068,  -6.140, -400.878},
+    {-501.285,  -6.187, -401.943},
+    {-501.455,  -5.907, -402.972},
+    {-501.603,  -5.583, -404.001},
+    {-501.743,  -5.360, -405.062},
+    {-502.090,  -4.776, -407.835},
+    {-503.105,  -2.217, -416.217},
+    {-503.239,  -1.832, -417.352},
+    {-503.333,  -1.481, -418.377},
+    {-503.423,  -1.100, -419.395},
+    {-503.386,  -0.703, -420.402},
+    {-503.246,  -0.351, -421.441},
+    {-502.988,  -0.045, -422.453},
+    {-502.687,   0.254, -423.455},
+    {-502.373,   0.594, -424.430},
+    {-502.022,   1.109, -425.470},
+    {-501.691,   1.542, -426.415},
+    {-499.392,   3.206, -433.018},
+    {-499.253,   3.375, -434.080},
+    {-499.522,   3.599, -435.105},
+    {-500.032,   3.822, -436.033},
+    {-500.653,   3.809, -436.925},
+    {-501.312,   3.793, -437.789},
+    {-501.987,   3.745, -438.639},
+    {-503.010,   3.617, -439.904},
+    {-504.546,   3.195, -441.791},
+    {-505.474,   3.454, -442.943},
+    {-506.260,   3.535, -443.878},
+    {-506.956,   3.542, -444.714},
+    {-508.938,   3.486, -447.139},
+    {-509.594,   3.471, -448.007},
+    {-510.234,   3.489, -448.886},
+    {-512.427,   3.586, -451.998},
+    {-513.936,   3.984, -454.195},
+    {-514.540,   4.233, -455.064},
+    {-515.166,   4.378, -455.945},
+    {-516.262,   4.290, -457.499},
+    {-516.891,   4.174, -458.381},
+    {-517.627,   3.970, -459.154},
+    {-518.497,   3.965, -459.776},
+    {-519.472,   3.961, -460.252},
+    {-520.468,   3.907, -460.686},
+    {-521.475,   3.856, -461.097},
+    {-522.467,   3.899, -461.479},
+    {-523.431,   4.273, -461.837},
+    {-532.930,   4.970, -465.372},
+    {-533.836,   5.003, -465.964},
+    {-534.517,   5.036, -466.809},
+    {-535.063,   5.069, -467.748},
+    {-535.532,   5.071, -468.730},
+    {-535.968,   5.042, -469.726},
+    {-536.385,   4.985, -470.730},
+    {-536.996,   4.874, -472.240},
+    {-538.487,   4.135, -475.968},
+    {-538.877,   4.030, -476.973},
+    {-539.262,   3.887, -477.981},
+    {-539.575,   3.940, -479.021},
+    {-539.779,   3.965, -480.089},
+    {-539.916,   3.983, -481.168},
+    {-540.027,   3.990, -482.250},
+    {-540.122,   3.997, -483.334},
+    {-540.210,   3.984, -484.419},
+    {-541.090,   3.211, -496.324},
+    {-541.168,   3.029, -497.395},
+    {-541.225,   2.852, -498.466},
+    {-541.208,   2.688, -499.542},
+    {-541.137,   2.576, -500.620},
+    {-541.029,   2.491, -501.699},
+    {-540.901,   2.387, -502.777},
+    {-540.700,   2.348, -504.390},
+    {-539.072,   0.190, -516.318},
+    {-538.841,   0.175, -517.380},
+    {-538.530,   0.156, -518.422},
+    {-538.178,   0.134, -519.452},
+    {-537.805,   0.111, -520.473},
+    {-537.424,   0.087, -521.492},
+    {-536.306,   0.056, -524.412},
+    {-533.919,   0.072, -530.589},
+    {-534.307,   0.225, -529.584},
+    {-534.697,   0.361, -528.577},
+    {-538.121,   0.130, -519.723},
+    {-538.474,   0.153, -518.694},
+    {-538.752,   0.170, -517.643},
+    {-538.969,   0.183, -516.577},
+    {-539.157,   0.272, -515.513},
+    {-539.318,   0.485, -514.458},
+    {-539.542,   0.803, -512.873},
+    {-539.692,   0.970, -511.811},
+    {-539.838,   1.181, -510.753},
+    {-540.765,   2.421, -503.992},
+    {-540.907,   2.391, -502.915},
+    {-541.162,   2.543, -500.897},
+    {-541.213,   2.639, -499.816},
+    {-541.198,   2.814, -498.741},
+    {-541.153,   2.989, -497.668},
+    {-541.090,   3.167, -496.597},
+    {-540.901,   3.472, -493.766},
+    {-539.946,   3.986, -480.899},
+    {-539.758,   3.963, -479.829},
+    {-539.464,   3.926, -478.782},
+    {-539.127,   3.884, -477.750},
+    {-538.753,   4.055, -476.738},
+    {-538.086,   4.375, -474.991},
+    {-535.247,   5.074, -467.828},
+    {-534.701,   5.041, -466.858},
+    {-533.907,   5.008, -466.119},
+    {-532.972,   4.975, -465.566},
+    {-531.983,   4.943, -465.114},
+    {-530.979,   4.951, -464.695},
+    {-529.968,   4.959, -464.295},
+    {-528.951,   4.983, -463.907},
+    {-522.430,   3.916, -461.465},
+    {-521.404,   3.857, -461.086},
+    {-520.377,   3.902, -460.729},
+    {-519.369,   3.953, -460.322},
+    {-518.443,   3.963, -459.761},
+    {-517.644,   3.968, -459.040},
+    {-516.927,   4.138, -458.245},
+    {-516.257,   4.275, -457.397},
+    {-515.619,   4.360, -456.520},
+    {-514.989,   4.372, -455.633},
+    {-514.354,   4.148, -454.766},
+    {-513.569,   3.888, -453.690},
+    {-512.848,   3.701, -452.650},
+    {-512.268,   3.550, -451.781},
+    {-511.656,   3.532, -450.883},
+    {-510.565,   3.495, -449.323},
+    {-509.924,   3.478, -448.444},
+    {-509.263,   3.481, -447.580},
+    {-508.588,   3.498, -446.727},
+    {-507.732,   3.521, -445.671},
+    {-504.967,   3.235, -442.320},
+    {-504.184,   3.426, -441.405},
+    {-503.524,   3.552, -440.548},
+    {-502.838,   3.638, -439.709},
+    {-499.995,   3.863, -436.248},
+    {-499.458,   3.631, -435.332},
+    {-499.354,   3.427, -434.275},
+    {-499.518,   3.263, -433.213},
+    {-499.786,   3.119, -432.168},
+    {-500.093,   2.942, -431.138},
+    {-500.416,   2.698, -430.129},
+    {-500.756,   2.452, -429.125},
+    {-501.102,   2.205, -428.123},
+    {-501.993,   1.130, -425.598},
+    {-502.375,   0.625, -424.550},
+    {-502.760,   0.259, -423.439},
+    {-503.125,  -0.073, -422.319},
+    {-503.344,  -0.434, -421.301},
+    {-503.392,  -0.782, -420.267},
+    {-503.345,  -1.156, -419.237},
+    {-503.275,  -1.517, -418.212},
+    {-503.200,  -1.875, -417.190},
+    {-503.092,  -2.185, -416.171},
+    {-501.571,  -5.735, -403.501},
+    {-501.418,  -6.069, -402.475},
+    {-501.176,  -6.153, -401.405},
+    {-500.898,  -6.118, -400.354},
+    {-500.586,  -6.079, -399.313},
+    {-500.255,  -6.038, -398.277},
+    {-499.919,  -5.917, -397.250},
+    {-498.133,  -5.162, -391.881},
+    {-497.607,  -5.099, -390.933},
+    {-496.951,  -5.030, -390.068},
+    {-496.247,  -4.960, -389.242},
+    {-495.526,  -4.922, -388.429},
+    {-494.798,  -4.939, -387.620},
+    {-494.057,  -4.973, -386.825},
+    {-493.242,  -5.007, -386.107},
+    {-492.357,  -5.040, -385.475},
+    {-491.422,  -5.050, -384.920},
+    {-490.463,  -5.046, -384.405},
+    {-489.496,  -5.027, -383.907},
+    {-488.524,  -5.008, -383.419},
+    {-483.903,  -5.444, -381.144},
+    {-482.970,  -5.764, -380.673},
+    {-482.046,  -6.081, -380.195},
+    {-481.059,  -6.036, -379.756},
+    {-480.068,  -6.092, -379.310},
+    {-478.083,  -6.252, -378.424},
+    {-475.939,  -5.600, -377.478},
+    {-474.095,  -5.269, -376.659},
+    {-472.988,  -5.088, -376.167},
+    {-471.997,  -4.996, -375.725},
+    {-467.519,  -5.021, -373.745},
+    {-466.568,  -4.988, -373.221},
+    {-465.785,  -4.954, -372.473},
+    {-465.155,  -4.938, -371.586},
+    {-464.613,  -4.943, -370.644},
+    {-464.112,  -4.970, -369.678},
+    {-463.636,  -5.030, -368.702},
+    {-463.174,  -5.119, -367.720},
+    {-462.721,  -5.261, -366.742},
+    {-461.430,  -5.878, -363.953},
+    {-460.990,  -5.964, -362.965},
+    {-459.656,  -6.049, -359.997},
+    {-459.353,  -6.087, -358.954},
+    {-459.191,  -6.107, -357.879},
+    {-459.106,  -6.118, -356.795},
+    {-459.081,  -6.089, -355.710},
+    {-459.074,  -5.935, -354.633},
+    {-459.104,  -5.658, -351.932},
+    {-459.120,  -5.591, -350.846},
+    {-459.187,  -5.479, -346.507},
+    {-459.430,  -5.749, -332.941},
+    {-459.453,  -5.802, -331.854},
+    {-459.471,  -5.754, -330.767},
+    {-459.490,  -5.694, -329.681},
+    {-459.512,  -5.627, -328.459},
+    {-459.529,  -5.682, -327.376},
+    {-459.596,  -6.022, -323.863},
+    {-459.627,  -6.068, -321.961},
+    {-459.653,  -6.049, -320.465},
+    {-459.672,  -6.047, -319.377},
+    {-459.690,  -6.045, -318.289},
+    {-459.733,  -6.098, -317.204},
+    {-459.866,  -6.163, -316.126},
+    {-460.061,  -6.354, -315.070},
+    {-460.284,  -6.588, -314.031},
+    {-460.533,  -6.826, -312.999},
+    {-460.823,  -7.095, -311.840},
+    {-462.704,  -9.301, -304.645},
+    {-462.954,  -9.692, -303.546},
+    {-463.049, -10.017, -302.513},
+    {-463.025, -10.351, -301.479},
+    {-462.936, -10.689, -300.448},
+    {-462.818, -11.044, -299.424},
+    {-462.686, -11.409, -298.408},
+    {-462.388, -12.191, -296.252},
+    {-460.616, -15.430, -284.034},
+    {-460.460, -15.766, -283.004},
+    {-460.297, -16.098, -281.981},
+    {-460.138, -16.023, -280.905},
+    {-459.880, -16.021, -279.850},
+    {-459.524, -16.066, -278.793},
+    {-459.151, -16.112, -277.774},
+    {-458.760, -15.948, -276.768},
+    {-457.728, -15.418, -274.162},
+    {-457.121, -15.183, -272.663},
+    {-455.141, -14.929, -267.753},
+    {-454.605, -14.961, -266.809},
+    {-453.910, -14.994, -265.975},
+    {-453.106, -15.028, -265.243},
+    {-452.248, -15.071, -264.575},
+    {-451.363, -15.070, -263.944},
+    {-450.467, -15.049, -263.327},
+    {-449.339, -15.027, -262.566},
+    {-446.158, -15.106, -260.478},
+    {-445.146, -15.217, -260.096},
+    {-444.094, -15.313, -259.845},
+    {-443.059, -15.693, -259.832},
+    {-442.038, -16.061, -259.905},
+    {-440.926, -16.011, -259.961},
+    {-439.853, -16.029, -259.818},
+    {-438.834, -16.076, -259.442},
+    {-437.860, -16.135, -258.975},
+    {-436.944, -15.842, -258.482},
+    {-436.029, -15.561, -257.958},
+    {-435.103, -15.389, -257.408},
+    {-433.018, -15.096, -256.158},
+    {-423.253, -15.007, -250.244},
+    {-422.581, -15.076, -249.399},
+    {-422.162, -15.134, -248.398},
+    {-421.907, -15.243, -247.346},
+    {-421.727, -15.378, -246.282},
+    {-421.576, -15.511, -245.212},
+    {-421.436, -15.814, -244.166},
+    {-421.312, -15.977, -243.104},
+    {-421.161, -16.151, -241.633},
+    {-421.101, -16.144, -240.547},
+    {-421.054, -16.138, -239.460},
+    {-420.986, -16.129, -237.557},
+    {-420.237, -15.986, -212.018},
+    {-420.191, -15.916, -210.797},
+    {-420.120, -15.789, -207.812},
+    {-420.097, -15.820, -206.456},
+    {-419.913, -16.017, -199.259},
+    {-420.074, -16.138, -198.186},
+    {-420.394, -15.806, -197.200},
+    {-420.823, -15.475, -196.257},
+    {-421.315, -15.246, -195.308},
+    {-421.840, -15.131, -194.360},
+    {-422.374, -15.078, -193.413},
+    {-424.067, -15.028, -190.467},
+    {-427.695, -14.944, -184.241},
+    {-428.330, -15.027, -183.363},
+    {-429.060, -15.124, -182.563},
+    {-429.847, -15.204, -181.816},
+    {-430.657, -15.276, -181.094},
+    {-431.483, -15.340, -180.388},
+    {-432.919, -15.584, -179.168},
+    {-446.700, -18.848, -167.730},
+    {-447.838, -18.971, -166.769},
+    {-450.328, -19.379, -164.696},
+    {-451.060, -19.534, -163.909},
+    {-451.625, -19.500, -162.980},
+    {-452.083, -19.517, -161.994},
+    {-452.476, -19.566, -160.981},
+    {-452.841, -19.611, -159.956},
+    {-453.191, -19.646, -158.927},
+    {-454.367, -19.964, -155.331},
+    {-455.293, -20.791, -152.456},
+    {-455.619, -20.976, -151.448},
+    {-460.864, -21.582, -135.124},
+    {-461.198, -21.523, -134.089},
+    {-463.464, -20.982, -127.008},
+    {-463.628, -20.996, -125.935},
+    {-463.609, -21.038, -124.848},
+    {-463.521, -21.146, -123.767},
+    {-463.400, -21.146, -122.686},
+    {-463.201, -21.188, -121.067},
+    {-463.072, -21.257, -119.990},
+    {-462.932, -21.293, -118.911},
+    {-460.858, -21.810, -103.154},
+    {-460.394, -21.855, -102.181},
+    {-459.633, -21.864, -101.409},
+    {-458.751, -21.805, -100.775},
+    {-457.821, -21.747, -100.215},
+    {-456.871, -21.669,  -99.690},
+    {-455.908, -21.711,  -99.185},
+    {-452.652, -21.466,  -97.507},
+    {-427.503, -19.772,  -84.766},
+    {-426.533, -19.798,  -84.273},
+    {-424.118, -20.060,  -83.055},
+    {-423.148, -19.991,  -82.567},
 }
 
 function onSpawn(npc)
-    npc:initNpcAi()
-    npc:setPos(tpz.path.first(path))
+    npc:initNpcPathing(path[1][1], path[1][2], path[1][3])
     onPath(npc)
 end
 
 function onPath(npc)
-    if npc:atPoint(tpz.path.get(path, 288)) then
-        GetNPCByID(npc:getID() + 4):showText(npc, ID.text.ZOVRIACE_REPORT)
-        -- small delay after path finish
-        npc:wait(8000)
+    local point = npc:getPathPoint()
+
+    if point == 289 then
+        if npc:getLocalVar("[REPORT_DONE]") == 0 then
+            npc:showText(npc, ID.text.ZOVRIACE_REPORT)
+            npc:setLocalVar("[REPORT_DONE]",1)
+        end
+    else
+        if npc:getLocalVar("[REPORT_DONE]") ~= 0 then
+            npc:setLocalVar("[REPORT_DONE]",0)
+        end
     end
-    tpz.path.patrol(npc, path)
+
+    tpz.path.general(npc, path, tpz.path.flag.WALLHACK, false)
 end
 
 function onTrade(player, npc, trade)
 end
 
 function onTrigger(player, npc)
     player:showText(npc, ID.text.ZOVRIACE_DIALOG)
-    npc:wait()
+    npc:clearTargID()
 end
 
 function onEventUpdate(player, csid, option)