@@ -2556,10 +2556,10 @@ INSERT INTO `mob_pools` VALUES (2495,'Maledict_Millstone','Maledict_Millstone',1
 INSERT INTO `mob_pools` VALUES (2496,'Malefic_Fencer','Malefic_Fencer',110,0x0000C30100000000000000000000000000000000,5,5,3,240,100,0,1,0,0,2,0,0,1819,133,0,0,3,1,0,110);
 INSERT INTO `mob_pools` VALUES (2497,'Malicearm_Razbhobb','Malicearm_Razbhobb',334,0x0000020800000000000000000000000000000000,1,1,7,240,100,0,1,0,1,0,0,32,2460,155,0,0,0,1,0,334);
 INSERT INTO `mob_pools` VALUES (2498,'Maltha','Maltha',228,0x0000240100000000000000000000000000000000,8,8,7,240,100,0,1,0,1,2,0,0,257,133,0,0,5,1,0,228);
-INSERT INTO `mob_pools` VALUES (2499,'Mammet-19_Epsilon','Mammet-19_Epsilon',149,0x0600ED0300000000000000000000000000000000,5,1,4,240,100,0,1,1,1,18,0,0,6065,131,0,0,29,1,0,149);
-INSERT INTO `mob_pools` VALUES (2500,'Mammet-22_Zeta','Mammet-22_Zeta',149,0x0600EE0300000000000000000000000000000000,5,1,4,240,100,0,1,0,1,34,0,0,6382,131,0,0,0,1,0,149);
-INSERT INTO `mob_pools` VALUES (2501,'Mammet-800','Mammet-800',149,0x0600EE0300000000000000000000000000000000,5,1,4,240,100,0,0,0,1,16,0,0,8170,131,0,0,0,1,0,149);
-INSERT INTO `mob_pools` VALUES (2502,'Mammet_Master','Mammet_Master',149,0x0600ED0300000000000000000000000000000000,1,1,4,240,100,0,0,0,1,0,0,0,7,131,0,0,0,1,0,149);
+INSERT INTO `mob_pools` VALUES (2499,'Mammet-19_Epsilon','Mammet-19_Epsilon',503,0x0600ED0300000000000000000000000000000000,5,5,4,240,100,0,1,1,1,18,0,0,6065,131,0,0,29,1,0,503);
+INSERT INTO `mob_pools` VALUES (2500,'Mammet-22_Zeta','Mammet-22_Zeta',503,0x0600EE0300000000000000000000000000000000,5,5,4,240,100,0,1,1,1,34,0,0,6382,131,0,0,29,1,0,503);
+INSERT INTO `mob_pools` VALUES (2501,'Mammet-800','Mammet-800',503,0x0600EE0300000000000000000000000000000000,5,5,4,240,100,0,1,1,1,16,1,0,8170,131,0,0,29,1,0,503);
+INSERT INTO `mob_pools` VALUES (2502,'Mammet_Master','Mammet_Master',503,0x0600ED0300000000000000000000000000000000,1,1,4,240,100,0,0,0,1,0,0,0,7,131,0,0,0,1,0,503);
 INSERT INTO `mob_pools` VALUES (2503,'Mamook_Crab','Mamook_Crab',77,0x0000640100000000000000000000000000000000,7,7,4,240,100,0,1,0,0,0,0,0,0,3,0,0,0,1,0,77);
 INSERT INTO `mob_pools` VALUES (2504,'Mamook_Mush','Mamook_Mush',229,0x0000240100000000000000000000000000000000,1,1,7,240,100,0,1,0,0,0,0,0,0,3,0,0,0,1,0,229);
 INSERT INTO `mob_pools` VALUES (2505,'Mamool_Ja','Mamool_Ja',176,0x0600530600000000000000000000000000000000,9,9,2,280,100,0,1,0,1,0,0,0,0,3,0,0,0,1,0,176);