@@ -740,76 +740,78 @@ INSERT INTO `spell_list` VALUES (743,'bloodrake',0x00000000000000000000000000000
 -- INSERT INTO `spell_list` VALUES (745,'carcharian_verve',0x00000000000000000000000000000060000000000000,3,1,0,3,43,52,3000,30000,2,0,916,4000,0,0,1.00,0,0,16,0,'SOA');
 -- INSERT INTO `spell_list` VALUES (746,'blistering_roar',0x00000000000000000000000000000060000000000000,3,1,0,4,43,28,3000,30000,2,0,917,4000,0,0,1.00,0,0,16,124,'SOA');
 
--- INSERT INTO `spell_list` VALUES (768,'indi-regen',0x00000000000000000000000000000000000000000F00,7,7,0,1,0,37,4000,12000,0,0,0,4000,1,0,1.00,1,300,0,204,'SOA');
--- INSERT INTO `spell_list` VALUES (769,'indi-poison',0x00000000000000000000000000000000000000000100,7,3,0,1,0,12,4000,12000,0,0,0,4000,1,0,1.00,1,320,0,204,'SOA');
--- INSERT INTO `spell_list` VALUES (770,'indi-refresh',0x00000000000000000000000000000000000000001E00,7,7,0,1,0,63,4000,12000,0,0,0,4000,1,0,1.00,1,300,0,204,'SOA');
--- INSERT INTO `spell_list` VALUES (772,'indi-str',0x00000000000000000000000000000000000000003000,7,1,0,1,0,63,4000,12000,0,0,0,4000,1,0,1.00,1,80,0,204,'SOA');
--- INSERT INTO `spell_list` VALUES (773,'indi-dex',0x00000000000000000000000000000000000000002D00,7,6,0,1,0,63,4000,12000,0,0,0,4000,1,0,1.00,1,80,0,204,'SOA');
--- INSERT INTO `spell_list` VALUES (774,'indi-vit',0x00000000000000000000000000000000000000002A00,7,2,0,1,0,63,4000,12000,0,0,0,4000,1,0,1.00,1,80,0,204,'SOA');
--- INSERT INTO `spell_list` VALUES (775,'indi-agi',0x00000000000000000000000000000000000000002700,7,4,0,1,0,63,4000,12000,0,0,0,4000,1,0,1.00,1,80,0,204,'SOA');
--- INSERT INTO `spell_list` VALUES (776,'indi-int',0x00000000000000000000000000000000000000002200,7,5,0,1,0,63,4000,12000,0,0,0,4000,1,0,1.00,1,80,0,204,'SOA');
--- INSERT INTO `spell_list` VALUES (777,'indi-mnd',0x00000000000000000000000000000000000000002100,7,3,0,1,0,63,4000,12000,0,0,0,4000,1,0,1.00,1,80,0,204,'SOA');
--- INSERT INTO `spell_list` VALUES (778,'indi-chr',0x00000000000000000000000000000000000000001E00,7,7,0,1,0,63,4000,12000,0,0,0,4000,1,0,1.00,1,80,0,204,'SOA');
--- INSERT INTO `spell_list` VALUES (779,'indi-fury',0x00000000000000000000000000000000000000002200,7,1,0,1,0,70,4000,12000,0,0,0,4000,1,0,1.00,20,80,0,204,'SOA');
--- INSERT INTO `spell_list` VALUES (780,'indi-barrier',0x00000000000000000000000000000000000000001C00,7,2,0,1,0,59,4000,12000,0,0,0,4000,1,0,1.00,20,80,0,204,'SOA');
--- INSERT INTO `spell_list` VALUES (781,'indi-acumen',0x00000000000000000000000000000000000000002E00,7,5,0,1,0,91,4000,12000,0,0,0,4000,1,0,1.00,20,80,0,204,'SOA');
--- INSERT INTO `spell_list` VALUES (782,'indi-fend',0x00000000000000000000000000000000000000002800,7,3,0,1,0,80,4000,12000,0,0,0,4000,1,0,1.00,20,80,0,204,'SOA');
--- INSERT INTO `spell_list` VALUES (783,'indi-precision',0x00000000000000000000000000000000000000000A00,7,6,0,1,0,25,4000,12000,0,0,0,4000,1,0,1.00,20,80,0,204,'SOA');
--- INSERT INTO `spell_list` VALUES (784,'indi-voidance',0x00000000000000000000000000000000000000000400,7,4,0,1,0,17,4000,12000,0,0,0,4000,1,0,1.00,20,80,0,204,'SOA');
--- INSERT INTO `spell_list` VALUES (785,'indi-focus',0x00000000000000000000000000000000000000001600,7,8,0,1,0,49,4000,12000,0,0,0,4000,1,0,1.00,20,80,0,204,'SOA');
--- INSERT INTO `spell_list` VALUES (786,'indi-attunement',0x00000000000000000000000000000000000000001000,7,7,0,1,0,38,4000,12000,0,0,0,4000,1,0,1.00,20,80,0,204,'SOA');
--- INSERT INTO `spell_list` VALUES (787,'indi-wilt',0x00000000000000000000000000000000000000005200,7,3,0,1,0,161,4000,12000,0,0,0,4000,1,0,1.00,240,100,0,204,'SOA');
--- INSERT INTO `spell_list` VALUES (788,'indi-frailty',0x00000000000000000000000000000000000000004C00,7,4,0,1,0,147,4000,12000,0,0,0,4000,1,0,1.00,240,100,0,204,'SOA');
--- INSERT INTO `spell_list` VALUES (789,'indi-fade',0x00000000000000000000000000000000000000005E00,7,1,0,1,0,186,4000,12000,0,0,0,4000,1,0,1.00,240,100,0,204,'SOA');
--- INSERT INTO `spell_list` VALUES (790,'indi-malaise',0x00000000000000000000000000000000000000005800,7,6,0,1,0,174,4000,12000,0,0,0,4000,1,0,1.00,240,100,0,204,'SOA');
--- INSERT INTO `spell_list` VALUES (791,'indi-slip',0x00000000000000000000000000000000000000003A00,7,2,0,1,0,112,4000,12000,0,0,0,4000,1,0,1.00,240,100,0,204,'SOA');
--- INSERT INTO `spell_list` VALUES (792,'indi-torpor',0x00000000000000000000000000000000000000003400,7,5,0,1,0,101,4000,12000,0,0,0,4000,1,0,1.00,240,100,0,204,'SOA');
--- INSERT INTO `spell_list` VALUES (793,'indi-vex',0x00000000000000000000000000000000000000004600,7,7,0,1,0,136,4000,12000,0,0,0,4000,1,0,1.00,240,100,0,204,'SOA');
--- INSERT INTO `spell_list` VALUES (794,'indi-languor',0x00000000000000000000000000000000000000004000,7,8,0,1,0,124,4000,12000,0,0,0,4000,1,0,1.00,240,100,0,204,'SOA');
--- INSERT INTO `spell_list` VALUES (795,'indi-slow',0x00000000000000000000000000000000000000003000,7,2,0,1,0,94,4000,12000,0,0,0,4000,1,0,1.00,240,100,0,204,'SOA');
--- INSERT INTO `spell_list` VALUES (796,'indi-paralysis',0x00000000000000000000000000000000000000004400,7,5,0,1,0,107,4000,12000,0,0,0,4000,1,0,1.00,1,300,0,204,'SOA');
--- INSERT INTO `spell_list` VALUES (797,'indi-gravity',0x00000000000000000000000000000000000000005800,7,4,0,1,0,174,4000,12000,0,0,0,4000,1,0,1.00,0,0,0,204,'SOA');
--- INSERT INTO `spell_list` VALUES (798,'geo-regen',0x00000000000000000000000000000000000000001300,7,7,0,3,0,74,8000,24000,0,0,0,4000,1,0,1.00,1,300,0,204,'SOA');
--- INSERT INTO `spell_list` VALUES (799,'geo-poison',0x00000000000000000000000000000000000000000500,7,3,0,3,0,25,8000,24000,0,0,0,4000,1,0,1.00,1,320,0,204,'SOA');
--- INSERT INTO `spell_list` VALUES (800,'geo-refresh',0x00000000000000000000000000000000000000002200,7,7,0,3,0,126,8000,24000,0,0,0,4000,1,0,1.00,1,300,0,204,'SOA');
--- INSERT INTO `spell_list` VALUES (802,'geo-str',0x00000000000000000000000000000000000000003400,7,1,0,3,0,126,8000,24000,0,0,0,4000,1,0,1.00,1,80,0,204,'SOA');
--- INSERT INTO `spell_list` VALUES (803,'geo-dex',0x00000000000000000000000000000000000000003100,7,6,0,3,0,126,8000,24000,0,0,0,4000,1,0,1.00,1,80,0,204,'SOA');
--- INSERT INTO `spell_list` VALUES (804,'geo-vit',0x00000000000000000000000000000000000000002E00,7,2,0,3,0,126,8000,24000,0,0,0,4000,1,0,1.00,1,80,0,204,'SOA');
--- INSERT INTO `spell_list` VALUES (805,'geo-agi',0x00000000000000000000000000000000000000002B00,7,4,0,3,0,126,8000,24000,0,0,0,4000,1,0,1.00,1,80,0,204,'SOA');
--- INSERT INTO `spell_list` VALUES (806,'geo-int',0x00000000000000000000000000000000000000002800,7,5,0,3,0,126,8000,24000,0,0,0,4000,1,0,1.00,1,80,0,204,'SOA');
--- INSERT INTO `spell_list` VALUES (807,'geo-mnd',0x00000000000000000000000000000000000000002500,7,3,0,3,0,126,8000,24000,0,0,0,4000,1,0,1.00,1,80,0,204,'SOA');
--- INSERT INTO `spell_list` VALUES (808,'geo-chr',0x00000000000000000000000000000000000000002200,7,7,0,3,0,126,8000,24000,0,0,0,4000,1,0,1.00,1,80,0,204,'SOA');
--- INSERT INTO `spell_list` VALUES (809,'geo-fury',0x00000000000000000000000000000000000000002600,7,1,0,3,0,140,8000,24000,0,0,0,4000,1,0,1.00,20,80,0,204,'SOA');
--- INSERT INTO `spell_list` VALUES (810,'geo-barrier',0x00000000000000000000000000000000000000002000,7,2,0,3,0,119,8000,24000,0,0,0,4000,1,0,1.00,20,80,0,204,'SOA');
--- INSERT INTO `spell_list` VALUES (811,'geo-acumen',0x00000000000000000000000000000000000000003200,7,5,0,3,0,182,8000,24000,0,0,0,4000,1,0,1.00,20,80,0,204,'SOA');
--- INSERT INTO `spell_list` VALUES (812,'geo-fend',0x00000000000000000000000000000000000000002C00,7,3,0,3,0,161,8000,24000,0,0,0,4000,1,0,1.00,20,80,0,204,'SOA');
--- INSERT INTO `spell_list` VALUES (813,'geo-precision',0x00000000000000000000000000000000000000000E00,7,6,0,3,0,50,8000,24000,0,0,0,4000,1,0,1.00,20,80,0,204,'SOA');
--- INSERT INTO `spell_list` VALUES (814,'geo-voidance',0x00000000000000000000000000000000000000000800,7,4,0,3,0,35,8000,24000,0,0,0,4000,1,0,1.00,20,80,0,204,'SOA');
--- INSERT INTO `spell_list` VALUES (815,'geo-focus',0x00000000000000000000000000000000000000001A00,7,8,0,3,0,98,8000,24000,0,0,0,4000,1,0,1.00,20,80,0,204,'SOA');
--- INSERT INTO `spell_list` VALUES (816,'geo-attunement',0x00000000000000000000000000000000000000001400,7,7,0,3,0,77,8000,24000,0,0,0,4000,1,0,1.00,20,80,0,204,'SOA');
--- INSERT INTO `spell_list` VALUES (817,'geo-wilt',0x00000000000000000000000000000000000000005600,7,3,0,3,0,322,8000,24000,0,0,0,4000,1,0,1.00,240,100,0,204,'SOA');
--- INSERT INTO `spell_list` VALUES (818,'geo-frailty',0x00000000000000000000000000000000000000005000,7,4,0,3,0,294,8000,24000,0,0,0,4000,1,0,1.00,240,100,0,204,'SOA');
--- INSERT INTO `spell_list` VALUES (819,'geo-fade',0x00000000000000000000000000000000000000006200,7,1,0,3,0,372,8000,24000,0,0,0,4000,1,0,1.00,240,100,0,204,'SOA');
--- INSERT INTO `spell_list` VALUES (820,'geo-malaise',0x00000000000000000000000000000000000000005C00,7,6,0,3,0,348,8000,24000,0,0,0,4000,1,0,1.00,240,100,0,204,'SOA');
--- INSERT INTO `spell_list` VALUES (821,'geo-slip',0x00000000000000000000000000000000000000003E00,7,2,0,3,0,225,8000,24000,0,0,0,4000,1,0,1.00,240,100,0,204,'SOA');
--- INSERT INTO `spell_list` VALUES (822,'geo-torpor',0x00000000000000000000000000000000000000003800,7,5,0,3,0,203,8000,24000,0,0,0,4000,1,0,1.00,240,100,0,204,'SOA');
--- INSERT INTO `spell_list` VALUES (823,'geo-vex',0x00000000000000000000000000000000000000004A00,7,7,0,3,0,273,8000,24000,0,0,0,4000,1,0,1.00,240,100,0,204,'SOA');
--- INSERT INTO `spell_list` VALUES (824,'geo-languor',0x00000000000000000000000000000000000000004400,7,8,0,3,0,249,8000,24000,0,0,0,4000,1,0,1.00,240,100,0,204,'SOA');
--- INSERT INTO `spell_list` VALUES (825,'geo-slow',0x00000000000000000000000000000000000000003400,7,2,0,3,0,189,8000,24000,0,0,0,4000,1,0,1.00,240,100,0,204,'SOA');
--- INSERT INTO `spell_list` VALUES (826,'geo-paralysis',0x00000000000000000000000000000000000000004800,7,5,0,3,0,215,8000,24000,0,0,0,4000,1,0,1.00,1,300,0,204,'SOA');
--- INSERT INTO `spell_list` VALUES (827,'geo-gravity',0x00000000000000000000000000000000000000005C00,7,5,0,3,0,348,8000,24000,0,0,0,4000,1,0,1.00,0,0,0,204,'SOA');
--- INSERT INTO `spell_list` VALUES (828,'fira',0x00000000000000000000000000000000000000002800,2,1,0,1,0,115,4250,19500,0,0,891,4000,1,0,1.00,0,0,0,204,'SOA');
--- INSERT INTO `spell_list` VALUES (829,'fira_ii',0x00000000000000000000000000000000000000005500,2,1,0,1,0,218,6500,27500,0,0,892,4000,1,0,1.00,0,0,0,204,'SOA');
--- INSERT INTO `spell_list` VALUES (830,'blizzara',0x00000000000000000000000000000000000000002D00,2,5,0,1,0,129,4500,21000,0,0,893,4000,1,0,1.00,0,0,0,204,'SOA');
--- INSERT INTO `spell_list` VALUES (831,'blizzara_ii',0x00000000000000000000000000000000000000005A00,2,5,0,1,0,237,6500,29000,0,0,894,4000,1,0,1.00,0,0,0,204,'SOA');
--- INSERT INTO `spell_list` VALUES (832,'aerora',0x00000000000000000000000000000000000000002300,2,4,0,1,0,97,4000,18000,0,0,895,4000,1,0,1.00,0,0,0,204,'SOA');
--- INSERT INTO `spell_list` VALUES (833,'aerora_ii',0x00000000000000000000000000000000000000005000,2,4,0,1,0,195,6000,26000,0,0,896,4000,1,0,1.00,0,0,0,204,'SOA');
--- INSERT INTO `spell_list` VALUES (834,'stonera',0x00000000000000000000000000000000000000001900,2,2,0,1,0,73,3250,15000,0,0,897,4000,1,0,1.00,0,0,0,204,'SOA');
--- INSERT INTO `spell_list` VALUES (835,'stonera_ii',0x00000000000000000000000000000000000000004600,2,2,0,1,0,160,5250,23000,0,0,898,4000,1,0,1.00,0,0,0,204,'SOA');
--- INSERT INTO `spell_list` VALUES (836,'thundara',0x00000000000000000000000000000000000000003200,2,6,0,1,0,144,5000,22500,0,0,899,4000,1,0,1.00,0,0,0,204,'SOA');
--- INSERT INTO `spell_list` VALUES (837,'thundara_ii',0x00000000000000000000000000000000000000005F00,2,6,0,1,0,258,7000,30500,0,0,900,4000,1,0,1.00,0,0,0,204,'SOA');
--- INSERT INTO `spell_list` VALUES (838,'watera',0x00000000000000000000000000000000000000001E00,2,3,0,1,0,85,3500,16500,0,0,901,4000,1,0,1.00,0,0,0,204,'SOA');
--- INSERT INTO `spell_list` VALUES (839,'watera_ii',0x00000000000000000000000000000000000000004B00,2,3,0,1,0,177,5500,24500,0,0,902,4000,1,0,1.00,0,0,0,204,'SOA');
+INSERT INTO `spell_list` VALUES (768,'indi-regen',0x00000000000000000000000000000000000000000F00,7,144,7,128,512,44,37,2000,12000,0,0,861,2000,0,0,1.0,1,300,0,204,'SOA');
+INSERT INTO `spell_list` VALUES (769,'indi-poison',0x00000000000000000000000000000000000000000100,7,145,3,128,512,44,12,2000,12000,0,0,862,2000,0,0,1.0,1,320,0,204,'SOA');
+INSERT INTO `spell_list` VALUES (770,'indi-refresh',0x00000000000000000000000000000000000000001E00,7,144,7,128,512,44,63,2000,12000,0,0,863,2000,0,0,1.00,1,300,0,204,'SOA');
+INSERT INTO `spell_list` VALUES (771,'indi-haste',0x00000000000000000000000000000000000000005D00,7,144,7,128,512,44,100,2000,12000,0,0,864,2000,0,0,1.00,1,300,0,204,'SOA');
+INSERT INTO `spell_list` VALUES (772,'indi-str',0x00000000000000000000000000000000000000003000,7,144,1,128,512,44,63,2000,12000,0,0,865,2000,0,0,1.00,1,80,0,204,'SOA');
+INSERT INTO `spell_list` VALUES (773,'indi-dex',0x00000000000000000000000000000000000000002D00,7,144,6,128,512,44,63,2000,12000,0,0,866,2000,0,0,1.00,1,80,0,204,'SOA');
+INSERT INTO `spell_list` VALUES (774,'indi-vit',0x00000000000000000000000000000000000000002A00,7,144,2,128,512,44,63,2000,12000,0,0,867,2000,0,0,1.00,1,80,0,204,'SOA');
+INSERT INTO `spell_list` VALUES (775,'indi-agi',0x00000000000000000000000000000000000000002700,7,144,4,128,512,44,63,2000,12000,0,0,868,2000,0,0,1.00,1,80,0,204,'SOA');
+INSERT INTO `spell_list` VALUES (776,'indi-int',0x00000000000000000000000000000000000000002200,7,144,5,128,512,44,63,2000,12000,0,0,869,2000,0,0,1.00,1,80,0,204,'SOA');
+INSERT INTO `spell_list` VALUES (777,'indi-mnd',0x00000000000000000000000000000000000000002100,7,144,3,128,512,44,63,2000,12000,0,0,870,2000,0,0,1.00,1,80,0,204,'SOA');
+INSERT INTO `spell_list` VALUES (778,'indi-chr',0x00000000000000000000000000000000000000001E00,7,144,7,128,512,44,63,2000,12000,0,0,871,2000,0,0,1.00,1,80,0,204,'SOA');
+INSERT INTO `spell_list` VALUES (779,'indi-fury',0x00000000000000000000000000000000000000002200,7,144,1,128,512,44,70,2000,12000,0,0,872,2000,0,0,1.00,20,80,0,204,'SOA');
+INSERT INTO `spell_list` VALUES (780,'indi-barrier',0x00000000000000000000000000000000000000001C00,7,144,2,128,512,44,59,2000,12000,0,0,873,2000,0,0,1.00,20,80,0,204,'SOA');
+INSERT INTO `spell_list` VALUES (781,'indi-acumen',0x00000000000000000000000000000000000000002E00,7,144,5,128,512,44,91,2000,12000,0,0,874,2000,0,0,1.00,20,80,0,204,'SOA');
+INSERT INTO `spell_list` VALUES (782,'indi-fend',0x00000000000000000000000000000000000000002800,7,144,3,128,512,44,80,2000,12000,0,0,875,2000,0,0,1.00,20,80,0,204,'SOA');
+INSERT INTO `spell_list` VALUES (783,'indi-precision',0x00000000000000000000000000000000000000000A00,7,144,6,128,512,44,25,2000,12000,0,0,876,2000,0,0,1.00,20,80,0,204,'SOA');
+INSERT INTO `spell_list` VALUES (784,'indi-voidance',0x00000000000000000000000000000000000000000400,7,144,4,128,512,44,17,2000,12000,0,0,877,2000,0,0,1.00,20,80,0,204,'SOA');
+INSERT INTO `spell_list` VALUES (785,'indi-focus',0x00000000000000000000000000000000000000001600,7,144,8,128,512,44,49,2000,12000,0,0,878,2000,0,0,1.00,20,80,0,204,'SOA');
+INSERT INTO `spell_list` VALUES (786,'indi-attunement',0x00000000000000000000000000000000000000001000,7,144,7,128,512,44,38,2000,12000,0,0,879,2000,0,0,1.00,20,80,0,204,'SOA');
+INSERT INTO `spell_list` VALUES (787,'indi-wilt',0x00000000000000000000000000000000000000005200,7,145,3,128,512,44,161,2000,12000,0,0,880,2000,0,0,1.00,240,100,0,204,'SOA');
+INSERT INTO `spell_list` VALUES (788,'indi-frailty',0x00000000000000000000000000000000000000004C00,7,145,4,128,512,44,147,2000,12000,0,0,881,2000,0,0,1.00,240,100,0,204,'SOA');
+INSERT INTO `spell_list` VALUES (789,'indi-fade',0x00000000000000000000000000000000000000005E00,7,145,1,128,512,44,186,2000,12000,0,0,882,2000,0,0,1.00,240,100,0,204,'SOA');
+INSERT INTO `spell_list` VALUES (790,'indi-malaise',0x00000000000000000000000000000000000000005800,7,145,6,128,512,44,174,2000,12000,0,0,883,2000,0,0,1.00,240,100,0,204,'SOA');
+INSERT INTO `spell_list` VALUES (791,'indi-slip',0x00000000000000000000000000000000000000003A00,7,145,2,128,512,44,112,2000,12000,0,0,884,2000,0,0,1.00,240,100,0,204,'SOA');
+INSERT INTO `spell_list` VALUES (792,'indi-torpor',0x00000000000000000000000000000000000000003400,7,145,5,128,512,44,101,2000,12000,0,0,885,2000,0,0,1.00,240,100,0,204,'SOA');
+INSERT INTO `spell_list` VALUES (793,'indi-vex',0x00000000000000000000000000000000000000004600,7,145,7,128,512,44,136,2000,12000,0,0,886,1000,0,0,1.00,240,100,0,204,'SOA');
+INSERT INTO `spell_list` VALUES (794,'indi-languor',0x00000000000000000000000000000000000000004000,7,145,8,128,512,44,124,2000,12000,0,0,887,2000,0,0,1.00,240,100,0,204,'SOA');
+INSERT INTO `spell_list` VALUES (795,'indi-slow',0x00000000000000000000000000000000000000003000,7,145,2,128,512,44,94,2000,12000,0,0,888,2000,0,0,1.00,240,100,0,204,'SOA');
+INSERT INTO `spell_list` VALUES (796,'indi-paralysis',0x00000000000000000000000000000000000000004400,7,145,5,128,512,44,107,2000,12000,0,0,889,2000,0,0,1.00,1,300,0,204,'SOA');
+INSERT INTO `spell_list` VALUES (797,'indi-gravity',0x00000000000000000000000000000000000000005800,7,145,4,128,512,44,174,2000,12000,0,0,890,2000,0,0,1.00,0,0,0,204,'SOA');
+INSERT INTO `spell_list` VALUES (798,'geo-regen',0x00000000000000000000000000000000000000001300,7,146,7,128,1,44,74,2000,12000,0,0,861,2000,0,0,1.0,1,300,0,210,'SOA');
+INSERT INTO `spell_list` VALUES (799,'geo-poison',0x00000000000000000000000000000000000000000500,7,147,3,128,4,44,25,2000,25000,0,0,862,2000,0,0,1.0,1,320,0,210,'SOA');
+INSERT INTO `spell_list` VALUES (800,'geo-refresh',0x00000000000000000000000000000000000000002200,7,146,7,128,1,44,126,2000,12000,0,0,863,2000,0,0,1.00,1,300,0,210,'SOA');
+INSERT INTO `spell_list` VALUES (801,'geo-haste',0x00000000000000000000000000000000000000005D00,7,146,7,128,1,44,63,2000,12000,0,0,864,2000,0,0,1.00,1,300,0,210,'SOA');
+INSERT INTO `spell_list` VALUES (802,'geo-str',0x00000000000000000000000000000000000000003400,7,146,1,128,1,44,126,2000,24000,0,0,865,2000,0,0,1.00,1,80,0,210,'SOA');
+INSERT INTO `spell_list` VALUES (803,'geo-dex',0x00000000000000000000000000000000000000003100,7,146,6,128,1,44,126,2000,24000,0,0,866,2000,0,0,1.00,1,80,0,210,'SOA');
+INSERT INTO `spell_list` VALUES (804,'geo-vit',0x00000000000000000000000000000000000000002E00,7,146,2,128,1,44,126,2000,24000,0,0,867,2000,0,0,1.00,1,80,0,210,'SOA');
+INSERT INTO `spell_list` VALUES (805,'geo-agi',0x00000000000000000000000000000000000000002B00,7,146,4,128,1,44,126,2000,24000,0,0,868,2000,0,0,1.00,1,80,0,210,'SOA');
+INSERT INTO `spell_list` VALUES (806,'geo-int',0x00000000000000000000000000000000000000002800,7,146,5,128,1,44,126,2000,24000,0,0,869,2000,0,0,1.00,1,80,0,210,'SOA');
+INSERT INTO `spell_list` VALUES (807,'geo-mnd',0x00000000000000000000000000000000000000002500,7,146,3,128,1,44,126,2000,24000,0,0,870,2000,0,0,1.00,1,80,0,210,'SOA');
+INSERT INTO `spell_list` VALUES (808,'geo-chr',0x00000000000000000000000000000000000000002200,7,146,7,128,1,44,126,2000,24000,0,0,871,2000,0,0,1.00,1,80,0,210,'SOA');
+INSERT INTO `spell_list` VALUES (809,'geo-fury',0x00000000000000000000000000000000000000002600,7,146,1,128,1,44,140,2000,24000,0,0,872,2000,0,0,1.00,20,80,0,210,'SOA');
+INSERT INTO `spell_list` VALUES (810,'geo-barrier',0x00000000000000000000000000000000000000002000,7,146,2,128,1,44,119,2000,24000,0,0,873,2000,0,0,1.00,20,80,0,210,'SOA');
+INSERT INTO `spell_list` VALUES (811,'geo-acumen',0x00000000000000000000000000000000000000003200,7,146,5,128,1,44,182,2000,24000,0,0,874,2000,0,0,1.00,20,80,0,210,'SOA');
+INSERT INTO `spell_list` VALUES (812,'geo-fend',0x00000000000000000000000000000000000000002C00,7,146,3,128,1,44,161,2000,24000,0,0,875,2000,0,0,1.00,20,80,0,210,'SOA');
+INSERT INTO `spell_list` VALUES (813,'geo-precision',0x00000000000000000000000000000000000000000E00,7,146,6,128,1,44,50,2000,24000,0,0,876,2000,0,0,1.00,20,80,0,210,'SOA');
+INSERT INTO `spell_list` VALUES (814,'geo-voidance',0x00000000000000000000000000000000000000000800,7,146,4,128,1,44,35,2000,24000,0,0,877,2000,0,0,1.00,20,80,0,210,'SOA');
+INSERT INTO `spell_list` VALUES (815,'geo-focus',0x00000000000000000000000000000000000000001A00,7,146,8,128,1,44,98,2000,24000,0,0,878,2000,0,0,1.00,20,80,0,210,'SOA');
+INSERT INTO `spell_list` VALUES (816,'geo-attunement',0x00000000000000000000000000000000000000001400,7,146,7,128,1,44,77,2000,24000,0,0,879,2000,0,0,1.00,20,80,0,210,'SOA');
+INSERT INTO `spell_list` VALUES (817,'geo-wilt',0x00000000000000000000000000000000000000005600,7,147,3,128,4,44,322,2000,24000,0,0,880,2000,0,0,1.00,240,100,0,210,'SOA');
+INSERT INTO `spell_list` VALUES (818,'geo-frailty',0x00000000000000000000000000000000000000005000,7,147,4,128,4,44,294,2000,24000,0,0,881,2000,0,0,1.00,240,100,0,210,'SOA');
+INSERT INTO `spell_list` VALUES (819,'geo-fade',0x00000000000000000000000000000000000000006200,7,147,1,128,4,44,372,2000,24000,0,0,882,2000,0,0,1.00,240,100,0,210,'SOA');
+INSERT INTO `spell_list` VALUES (820,'geo-malaise',0x00000000000000000000000000000000000000005C00,7,147,6,128,4,44,348,2000,24000,0,0,883,2000,0,0,1.00,240,100,0,210,'SOA');
+INSERT INTO `spell_list` VALUES (821,'geo-slip',0x00000000000000000000000000000000000000003E00,7,147,2,128,4,44,225,2000,24000,0,0,884,2000,0,0,1.00,240,100,0,210,'SOA');
+INSERT INTO `spell_list` VALUES (822,'geo-torpor',0x00000000000000000000000000000000000000003800,7,147,5,128,4,44,203,2000,24000,0,0,885,2000,0,0,1.00,240,100,0,210,'SOA');
+INSERT INTO `spell_list` VALUES (823,'geo-vex',0x00000000000000000000000000000000000000004A00,7,147,7,128,4,44,273,2000,24000,0,0,886,2000,0,0,1.00,240,100,0,210,'SOA');
+INSERT INTO `spell_list` VALUES (824,'geo-languor',0x00000000000000000000000000000000000000004400,7,147,8,128,4,44,249,2000,24000,0,0,887,2000,0,0,1.00,240,100,0,210,'SOA');
+INSERT INTO `spell_list` VALUES (825,'geo-slow',0x00000000000000000000000000000000000000003400,7,147,2,128,4,44,189,2000,24000,0,0,888,2000,0,0,1.00,240,100,0,210,'SOA');
+INSERT INTO `spell_list` VALUES (826,'geo-paralysis',0x00000000000000000000000000000000000000004800,7,147,5,128,4,44,215,2000,24000,0,0,889,2000,0,0,1.00,1,300,0,210,'SOA');
+INSERT INTO `spell_list` VALUES (827,'geo-gravity',0x00000000000000000000000000000000000000005C00,7,147,5,128,4,44,348,2000,24000,0,0,890,2000,0,0,1.00,240,100,0,210,'SOA');
+INSERT INTO `spell_list` VALUES (828,'fira',0x00000000000000000000000000000000000000002800,2,148,1,0,4,36,93,1500,5000,2,0,891,2000,1,0,1.00,0,0,0,120,'SOA');
+INSERT INTO `spell_list` VALUES (829,'fira_ii',0x00000000000000000000000000000000000000005500,2,148,1,0,4,36,206,3000,15000,2,0,892,2000,1,0,1.00,0,0,0,120,'SOA');
+INSERT INTO `spell_list` VALUES (830,'blizzara',0x00000000000000000000000000000000000000002D00,2,149,5,0,4,36,108,1500,5000,2,0,893,4000,1,0,1.00,0,0,0,120,'SOA');
+INSERT INTO `spell_list` VALUES (831,'blizzara_ii',0x00000000000000000000000000000000000000005A00,2,149,5,0,4,36,229,3000,15000,2,0,894,2000,1,0,1.00,0,0,0,120,'SOA');
+INSERT INTO `spell_list` VALUES (832,'aera',0x00000000000000000000000000000000000000002300,2,150,4,0,4,36,79,1500,5000,2,0,895,2000,1,0,1.00,0,0,0,120,'SOA');
+INSERT INTO `spell_list` VALUES (833,'aera_ii',0x00000000000000000000000000000000000000005000,2,150,4,0,4,36,184,3000,15000,2,0,896,2000,1,0,1.00,0,0,0,120,'SOA');
+INSERT INTO `spell_list` VALUES (834,'stonera',0x00000000000000000000000000000000000000001900,2,151,2,0,4,36,54,1500,5000,2,0,897,2000,1,0,1.00,0,0,0,120,'SOA');
+INSERT INTO `spell_list` VALUES (835,'stonera_ii',0x00000000000000000000000000000000000000004600,2,151,2,0,4,36,143,3000,15000,2,0,898,2000,1,0,1.00,0,0,0,120,'SOA');
+INSERT INTO `spell_list` VALUES (836,'thundara',0x00000000000000000000000000000000000000003200,2,152,6,0,4,36,123,1500,5000,2,0,899,2000,1,0,1.00,0,0,0,120,'SOA');
+INSERT INTO `spell_list` VALUES (837,'thundara_ii',0x00000000000000000000000000000000000000005F00,2,152,6,0,4,36,253,3000,15000,2,0,900,2000,1,0,1.00,0,0,0,120,'SOA');
+INSERT INTO `spell_list` VALUES (838,'watera',0x00000000000000000000000000000000000000001E00,2,153,3,0,4,36,66,1500,5000,2,0,901,2000,1,0,1.00,0,0,0,120,'SOA');
+INSERT INTO `spell_list` VALUES (839,'watera_ii',0x00000000000000000000000000000000000000004B00,2,153,3,0,4,36,163,3000,15000,2,0,902,2000,1,0,1.00,0,0,0,120,'SOA');
 -- INSERT INTO `spell_list` VALUES (840,'foil',0x0000000000000000000000000000000000000000003A,6,4,0,1,0,48,1000,30000,0,0,0,4000,0,0,1.00,20,80,0,204,'SOA');
 INSERT INTO `spell_list` VALUES (841,'distract',0x00000000230000000000000000000000000000000000,2,154,5,0,4,35,32,3000,10000,0,0,933,2000,0,0,1.00,1,320,0,204,'SOA');
 INSERT INTO `spell_list` VALUES (842,'distract_ii',0x00000000550000000000000000000000000000000000,2,154,5,0,4,35,58,3000,10000,0,0,934,4000,0,0,1.00,1,320,0,204,'SOA');
@@ -835,14 +837,14 @@ INSERT INTO `spell_list` VALUES (846,'flurry_ii',0x00000000600000000000000000000
 -- INSERT INTO `spell_list` VALUES (862,'thunderstorm_ii',0x00000000000000000000000000000000000000630000,6,6,0,3,34,30,2000,18000,230,0,975,4000,4,0,1.00,1,300,0,204,'SOA');
 -- INSERT INTO `spell_list` VALUES (863,'voidstorm_ii',0x00000000000000000000000000000000000000630000,6,8,0,3,34,30,2000,18000,230,0,976,4000,4,0,1.00,1,300,0,204,'SOA');
 -- INSERT INTO `spell_list` VALUES (864,'aurorastorm_ii',0x00000000000000000000000000000000000000630000,6,7,0,3,34,30,2000,18000,230,0,977,4000,4,0,1.00,1,300,0,204,'SOA');
--- INSERT INTO `spell_list` VALUES (871,'fire_threnody_ii',0x00000000000000006300000000000000000000000000,1,3,0,4,40,0,2000,24000,237,268,963,4000,0,0,1.00,100,240,0,204,'SOA');
--- INSERT INTO `spell_list` VALUES (872,'ice_threnody_ii',0x00000000000000006300000000000000000000000000,1,1,0,4,40,0,2000,24000,237,268,964,4000,0,0,1.00,100,240,0,204,'SOA');
--- INSERT INTO `spell_list` VALUES (873,'wind_threnody_ii',0x00000000000000006300000000000000000000000000,1,5,0,4,40,0,2000,24000,237,268,965,4000,0,0,1.00,100,240,0,204,'SOA');
--- INSERT INTO `spell_list` VALUES (874,'earth_threnody_ii',0x00000000000000006300000000000000000000000000,1,4,0,4,40,0,2000,24000,237,268,966,4000,0,0,1.00,100,240,0,204,'SOA');
--- INSERT INTO `spell_list` VALUES (875,'lightning_threnody_ii',0x00000000000000006300000000000000000000000000,1,2,0,4,40,0,2000,24000,237,268,967,4000,0,0,1.00,100,240,0,204,'SOA');
--- INSERT INTO `spell_list` VALUES (876,'water_threnody_ii',0x00000000000000006300000000000000000000000000,1,6,0,4,40,0,2000,24000,237,268,968,4000,0,0,1.00,100,240,0,204,'SOA');
--- INSERT INTO `spell_list` VALUES (877,'light_threnody_ii',0x00000000000000006300000000000000000000000000,1,8,0,4,40,0,2000,24000,237,268,969,4000,0,0,1.00,100,240,0,204,'SOA');
--- INSERT INTO `spell_list` VALUES (878,'dark_threnody_ii',0x00000000000000006300000000000000000000000000,1,7,0,4,40,0,2000,24000,237,268,970,4000,0,0,1.00,100,240,0,204,'SOA');
+INSERT INTO `spell_list` VALUES (871,'fire_threnody_ii',0x00000000000000000063000000000000000000000000,1,130,3,0,4,40,0,2000,24000,237,268,963,4000,0,0,1.00,100,240,0,204,'ROV');
+INSERT INTO `spell_list` VALUES (872,'ice_threnody_ii',0x00000000000000000063000000000000000000000000,1,131,1,0,4,40,0,2000,24000,237,268,964,4000,0,0,1.00,100,240,0,204,'ROV');
+INSERT INTO `spell_list` VALUES (873,'wind_threnody_ii',0x00000000000000000063000000000000000000000000,1,132,5,0,4,40,0,2000,24000,237,268,965,4000,0,0,1.00,100,240,0,204,'ROV');
+INSERT INTO `spell_list` VALUES (874,'earth_threnody_ii',0x00000000000000000063000000000000000000000000,1,133,4,0,4,40,0,2000,24000,237,268,966,4000,0,0,1.00,100,240,0,204,'ROV');
+INSERT INTO `spell_list` VALUES (875,'lightning_threnody_ii',0x00000000000000000063000000000000000000000000,1,134,2,0,4,40,0,2000,24000,237,268,967,4000,0,0,1.00,100,240,0,204,'ROV');
+INSERT INTO `spell_list` VALUES (876,'water_threnody_ii',0x00000000000000000063000000000000000000000000,1,135,6,0,4,40,0,2000,24000,237,268,968,4000,0,0,1.00,100,240,0,204,'ROV');
+INSERT INTO `spell_list` VALUES (877,'light_threnody_ii',0x00000000000000000063000000000000000000000000,1,136,8,0,4,40,0,2000,24000,237,268,969,4000,0,0,1.00,100,240,0,204,'ROV');
+INSERT INTO `spell_list` VALUES (878,'dark_threnody_ii',0x00000000000000000063000000000000000000000000,1,137,7,0,4,40,0,2000,24000,237,268,970,4000,0,0,1.00,100,240,0,204,'ROV');
 -- INSERT INTO `spell_list` VALUES (879,'inundation',0x00000000000000000000000000000000000000000000,8,7,0,1,0,0,2000,48000,0,0,288,1000,0,0,1.00,0,0,0,0,NULL);
 -- INSERT INTO `spell_list` VALUES (880,'drain iii',0x00000000000000000000000000000000000000000000,8,7,0,1,0,0,2000,48000,0,0,288,1000,0,0,1.00,0,0,0,0,NULL);
 -- INSERT INTO `spell_list` VALUES (881,'aspir iii',0x00000000000000000000000000000000000000000000,8,7,0,1,0,0,2000,48000,0,0,288,1000,0,0,1.00,0,0,0,0,NULL);