@@ -837,14 +837,14 @@ INSERT INTO `spell_list` VALUES (846,'flurry_ii',0x00000000600000000000000000000
 -- INSERT INTO `spell_list` VALUES (862,'thunderstorm_ii',0x00000000000000000000000000000000000000630000,6,6,0,3,34,30,2000,18000,230,0,975,4000,4,0,1.00,1,300,0,204,'SOA');
 -- INSERT INTO `spell_list` VALUES (863,'voidstorm_ii',0x00000000000000000000000000000000000000630000,6,8,0,3,34,30,2000,18000,230,0,976,4000,4,0,1.00,1,300,0,204,'SOA');
 -- INSERT INTO `spell_list` VALUES (864,'aurorastorm_ii',0x00000000000000000000000000000000000000630000,6,7,0,3,34,30,2000,18000,230,0,977,4000,4,0,1.00,1,300,0,204,'SOA');
--- INSERT INTO `spell_list` VALUES (871,'fire_threnody_ii',0x00000000000000006300000000000000000000000000,1,3,0,4,40,0,2000,24000,237,268,963,4000,0,0,1.00,100,240,0,204,'SOA');
--- INSERT INTO `spell_list` VALUES (872,'ice_threnody_ii',0x00000000000000006300000000000000000000000000,1,1,0,4,40,0,2000,24000,237,268,964,4000,0,0,1.00,100,240,0,204,'SOA');
--- INSERT INTO `spell_list` VALUES (873,'wind_threnody_ii',0x00000000000000006300000000000000000000000000,1,5,0,4,40,0,2000,24000,237,268,965,4000,0,0,1.00,100,240,0,204,'SOA');
--- INSERT INTO `spell_list` VALUES (874,'earth_threnody_ii',0x00000000000000006300000000000000000000000000,1,4,0,4,40,0,2000,24000,237,268,966,4000,0,0,1.00,100,240,0,204,'SOA');
--- INSERT INTO `spell_list` VALUES (875,'lightning_threnody_ii',0x00000000000000006300000000000000000000000000,1,2,0,4,40,0,2000,24000,237,268,967,4000,0,0,1.00,100,240,0,204,'SOA');
--- INSERT INTO `spell_list` VALUES (876,'water_threnody_ii',0x00000000000000006300000000000000000000000000,1,6,0,4,40,0,2000,24000,237,268,968,4000,0,0,1.00,100,240,0,204,'SOA');
--- INSERT INTO `spell_list` VALUES (877,'light_threnody_ii',0x00000000000000006300000000000000000000000000,1,8,0,4,40,0,2000,24000,237,268,969,4000,0,0,1.00,100,240,0,204,'SOA');
--- INSERT INTO `spell_list` VALUES (878,'dark_threnody_ii',0x00000000000000006300000000000000000000000000,1,7,0,4,40,0,2000,24000,237,268,970,4000,0,0,1.00,100,240,0,204,'SOA');
+INSERT INTO `spell_list` VALUES (871,'fire_threnody_ii',0x00000000000000000063000000000000000000000000,1,130,3,0,4,40,0,2000,24000,237,268,963,4000,0,0,1.00,100,240,0,204,'ROV');
+INSERT INTO `spell_list` VALUES (872,'ice_threnody_ii',0x00000000000000000063000000000000000000000000,1,131,1,0,4,40,0,2000,24000,237,268,964,4000,0,0,1.00,100,240,0,204,'ROV');
+INSERT INTO `spell_list` VALUES (873,'wind_threnody_ii',0x00000000000000000063000000000000000000000000,1,132,5,0,4,40,0,2000,24000,237,268,965,4000,0,0,1.00,100,240,0,204,'ROV');
+INSERT INTO `spell_list` VALUES (874,'earth_threnody_ii',0x00000000000000000063000000000000000000000000,1,133,4,0,4,40,0,2000,24000,237,268,966,4000,0,0,1.00,100,240,0,204,'ROV');
+INSERT INTO `spell_list` VALUES (875,'lightning_threnody_ii',0x00000000000000000063000000000000000000000000,1,134,2,0,4,40,0,2000,24000,237,268,967,4000,0,0,1.00,100,240,0,204,'ROV');
+INSERT INTO `spell_list` VALUES (876,'water_threnody_ii',0x00000000000000000063000000000000000000000000,1,135,6,0,4,40,0,2000,24000,237,268,968,4000,0,0,1.00,100,240,0,204,'ROV');
+INSERT INTO `spell_list` VALUES (877,'light_threnody_ii',0x00000000000000000063000000000000000000000000,1,136,8,0,4,40,0,2000,24000,237,268,969,4000,0,0,1.00,100,240,0,204,'ROV');
+INSERT INTO `spell_list` VALUES (878,'dark_threnody_ii',0x00000000000000000063000000000000000000000000,1,137,7,0,4,40,0,2000,24000,237,268,970,4000,0,0,1.00,100,240,0,204,'ROV');
 -- INSERT INTO `spell_list` VALUES (879,'inundation',0x00000000000000000000000000000000000000000000,8,7,0,1,0,0,2000,48000,0,0,288,1000,0,0,1.00,0,0,0,0,NULL);
 -- INSERT INTO `spell_list` VALUES (880,'drain iii',0x00000000000000000000000000000000000000000000,8,7,0,1,0,0,2000,48000,0,0,288,1000,0,0,1.00,0,0,0,0,NULL);
 -- INSERT INTO `spell_list` VALUES (881,'aspir iii',0x00000000000000000000000000000000000000000000,8,7,0,1,0,0,2000,48000,0,0,288,1000,0,0,1.00,0,0,0,0,NULL);
@@ -968,7 +968,6 @@ INSERT INTO `spell_list` VALUES (996,'aagk',0x0101010101010101010101010101010101
 INSERT INTO `spell_list` VALUES (997,'iroha',0x01010101010101010101010101010101010101010101,8,0,7,0,1,0,0,3000,24000,0,0,939,1500,0,0,1.00,0,0,0,0,NULL);
 INSERT INTO `spell_list` VALUES (998,'ygnas',0x01010101010101010101010101010101010101010101,8,0,7,0,1,0,0,3000,24000,0,0,939,1500,0,0,1.00,0,0,0,0,NULL);
 INSERT INTO `spell_list` VALUES (999,'monberaux',0x01010101010101010101010101010101010101010101,8,0,7,0,1,0,0,3000,24000,0,0,939,1500,0,0,1.00,0,0,0,0,NULL);
--- 999
 -- 1000
 -- 1001
 -- 1002