@@ -5955,7 +5955,7 @@ INSERT INTO `mob_pools` VALUES (5894,'Lesath','Lesath',217,0x00001C0100000000000
 INSERT INTO `mob_pools` VALUES (5895,'Donggu','Donggu',116,0x0000780100000000000000000000000000000000,1,1,11,240,100,0,0,0,1,2,7,0,0,133,0,0,0,1,0,116);
 -- Trusts
 INSERT INTO `mob_pools` VALUES (5896,'shantotto','Shantotto',153,0x0000B80B00000000000000000000000000000000,4,0,2,240,40,1,2,0,0,0,0,32,0,3,0,0,308,1,0,1011);
-INSERT INTO `mob_pools` VALUES (5897,'naji','Naji',149,0x0000B90B00000000000000000000000000000000,1,0,2,240,100,0,2,0,0,0,0,32,0,3,0,0,309,1,0,1012);
+INSERT INTO `mob_pools` VALUES (5897,'naji','Naji',149,0x0000B90B00000000000000000000000000000000,1,0,2,240,100,0,0,0,0,0,0,32,0,3,0,0,309,1,0,1012);
 INSERT INTO `mob_pools` VALUES (5898,'kupipi','Kupipi',153,0x0000BA0B00000000000000000000000000000000,3,0,11,230,40,1,0,0,0,0,0,32,0,3,0,0,310,1,0,1013);
 INSERT INTO `mob_pools` VALUES (5899,'excenmille','Excenmille',145,0x0000BB0B00000000000000000000000000000000,7,0,8,390,150,0,0,0,0,0,0,32,0,3,0,0,311,1,0,1014);
 INSERT INTO `mob_pools` VALUES (5900,'ayame','Ayame',149,0x0000BC0B00000000000000000000000000000000,12,0,10,440,150,0,0,0,0,0,0,32,0,3,0,0,312,1,0,1015);
@@ -6026,7 +6026,7 @@ INSERT INTO `mob_pools` VALUES (5964,'lhe_lhangavo','LheLhangavo',145,0x0000010C
 INSERT INTO `mob_pools` VALUES (5965,'arciela','Arciela',149,0x0000020C00000000000000000000000000000000,5,0,3,240,100,0,0,0,0,0,0,32,0,3,0,0,378,1,0,1080);
 INSERT INTO `mob_pools` VALUES (5966,'mayakov','Mayakov',149,0x0000030C00000000000000000000000000000000,19,0,3,240,100,0,0,0,0,0,0,32,0,3,0,0,379,1,0,1081);
 INSERT INTO `mob_pools` VALUES (5967,'qultada','Qultada',145,0x0000040C00000000000000000000000000000000,17,0,3,240,100,0,0,0,0,0,0,32,0,3,0,0,380,1,0,1082);
-INSERT INTO `mob_pools` VALUES (5968,'Adelheid','Adelheid',149,0x0700210000000000000001000000000000000000,20,4,3,240,100,0,0,0,0,0,0,32,298,1563,8,0,381,1,0,1083);
+INSERT INTO `mob_pools` VALUES (5968,'adelheid','Adelheid',149,0x0000050C00000000000000000000000000000000,20,4,3,240,100,0,0,0,0,0,0,32,0,3,0,0,381,1,0,1083);
 INSERT INTO `mob_pools` VALUES (5969,'amchuchu','Amchuchu',153,0x0000060C00000000000000000000000000000000,22,1,3,240,100,0,0,0,0,0,0,32,0,3,0,0,382,1,0,1084);
 INSERT INTO `mob_pools` VALUES (5970,'brygid','Brygid',149,0x0000070C00000000000000000000000000000000,21,0,3,240,100,0,0,0,0,0,0,32,0,3,0,0,383,1,0,1085);
 INSERT INTO `mob_pools` VALUES (5971,'mildaurion','Mildaurion',149,0x0000080C00000000000000000000000000000000,1,0,3,240,100,0,0,0,0,0,0,32,0,3,0,0,384,1,0,1086);