@@ -1674,7 +1674,7 @@ INSERT INTO `mob_pools` VALUES (1613,'GiGhis_Peiste','GiGhis_Peiste',192,0x0000D
 INSERT INTO `mob_pools` VALUES (1614,'GiPha_Manameister','GiPha_Manameister',337,0x00001F0400000000000000000000000000000000,4,4,11,240,100,0,1,0,1,2,0,32,661,159,0,0,2,1,0,705);
 INSERT INTO `mob_pools` VALUES (1615,'GiRho_Wrathstorm','GiRho_Wrathstorm',200,0x0000950200000000000000000000000000000000,1,1,0,0,100,0,0,0,0,0,0,0,0,0,0,0,0,1,0,200);
 INSERT INTO `mob_pools` VALUES (1616,'Glacial_Imp','Glacial_Imp',165,0x0000BC0800000000000000000000000000000000,4,4,5,240,100,0,1,1,1,0,0,0,274,131,4,0,2,1,0,165);
-INSERT INTO `mob_pools` VALUES (1617,'Glacial_Wisp','Glacial_Wisp',232,0x0000160100000000000000000000000000000000,1,1,0,0,100,0,0,0,0,0,0,0,0,3,0,0,0,1,0,232);
+INSERT INTO `mob_pools` VALUES (1617,'Glacial_Wisp','Glacial_Wisp',232,0x0000160100000000000000000000000000000000,1,1,0,0,100,0,1,0,0,0,0,0,0,3,0,0,0,1,0,232);
 INSERT INTO `mob_pools` VALUES (1618,'Glacier_Eater','Glacier_Eater',258,0x0000A80100000000000000000000000000000000,4,5,7,240,100,0,0,0,1,0,0,0,205,131,0,0,9,1,64,258);
 INSERT INTO `mob_pools` VALUES (1619,'Glade_Wivre','Glade_Wivre',257,0x0000B90800000000000000000000000000000000,1,1,12,240,100,0,1,0,0,0,0,0,0,641,0,0,0,1,0,257);
 INSERT INTO `mob_pools` VALUES (1620,'Gladiatorial_Weapon','Gladiatorial_Weapon',110,0x0000DF0100000000000000000000000000000000,1,1,3,240,100,0,1,0,1,16,1,0,0,3,0,0,0,1,0,110);
@@ -2098,7 +2098,7 @@ INSERT INTO `mob_pools` VALUES (2037,'Hyndla','Hyndla',143,0x00006C0100000000000
 INSERT INTO `mob_pools` VALUES (2038,'Hyohh_the_Conchblower','Hyohh_the_Conchblower',213,0x0000390500000000000000000000000000000000,10,10,5,240,100,0,1,0,1,18,0,0,0,0,0,0,6,1,0,213);
 INSERT INTO `mob_pools` VALUES (2039,'Hyperion','Hyperion',130,0x0000800200000000000000000000000000000000,1,1,6,240,100,0,1,1,1,16,0,0,693,131,0,0,0,1,0,130);
 INSERT INTO `mob_pools` VALUES (2040,'Iceberg_Murex','Iceberg_Murex',187,0x00005D0900000000000000000000000000000000,4,5,12,240,100,0,1,0,0,0,0,0,0,1155,0,0,2,1,0,187);
-INSERT INTO `mob_pools` VALUES (2041,'Icefall','Icefall',232,0x0000160100000000000000000000000000000000,1,1,11,240,100,0,0,0,0,0,0,0,1,1155,0,0,0,1,0,232);
+INSERT INTO `mob_pools` VALUES (2041,'Icefall','Icefall',232,0x0000160100000000000000000000000000000000,1,1,11,240,100,0,1,0,0,0,0,0,1,1155,0,0,0,1,0,232);
 INSERT INTO `mob_pools` VALUES (2042,'Icefang_Tiger','Icefang_Tiger',242,0x0000C80800000000000000000000000000000000,1,1,0,240,100,0,1,0,0,0,0,0,291,1155,0,0,0,1,0,242);
 INSERT INTO `mob_pools` VALUES (2043,'Ice_Elemental','Ice_Elemental',103,0x0000B50100000000000000000000000000000000,4,5,12,240,100,0,1,0,0,0,54,0,764,1155,16,0,14,1,0,103);
 INSERT INTO `mob_pools` VALUES (2044,'Ice_Fiend','Ice_Fiend',103,0x0000090000000000000000000000000000000000,4,5,12,240,100,0,0,0,0,0,0,32,0,1155,16,0,2,1,0,103);
@@ -4161,7 +4161,7 @@ INSERT INTO `mob_pools` VALUES (4100,'Ungur','Ungur',266,0x00008E010000000000000
 INSERT INTO `mob_pools` VALUES (4101,'Unseelie','Unseelie',195,0x0000F00700000000000000000000000000000000,3,3,11,240,100,0,1,0,0,0,0,0,0,1539,8,0,1,1,0,195);
 INSERT INTO `mob_pools` VALUES (4102,'Unstable_Cluster','Unstable_Cluster',68,0x0000220100000000000000000000000000000000,1,1,6,240,100,0,1,0,0,2,0,0,1997,1157,0,0,0,1,0,68);
 INSERT INTO `mob_pools` VALUES (4103,'Unut','Unut',206,0x00000C0100000000000000000000000000000000,1,1,7,240,100,0,0,0,1,2,0,32,0,1181,0,0,0,1,0,206);
-INSERT INTO `mob_pools` VALUES (4104,'Upas-Kamuy','Upas-Kamuy',232,0x00001B0100000000000000000000000000000000,4,4,12,240,100,0,0,0,0,2,0,0,7,1183,0,0,278,1,0,972);
+INSERT INTO `mob_pools` VALUES (4104,'Upas-Kamuy','Upas-Kamuy',232,0x00001B0100000000000000000000000000000000,4,4,12,240,100,0,1,0,0,2,0,0,7,1183,0,0,278,1,0,972);
 INSERT INTO `mob_pools` VALUES (4105,'Upyri','Upyri',46,0x0000010100000000000000000000000000000000,1,1,6,240,100,0,1,0,1,2,0,0,324,1669,8,0,0,1,0,46);
 INSERT INTO `mob_pools` VALUES (4106,'Uragnite','Uragnite',251,0x0000510500000000000000000000000000000000,1,1,7,290,100,0,1,0,0,0,0,0,396,1667,12,0,0,1,0,251);
 INSERT INTO `mob_pools` VALUES (4107,'Urayuli','Urayuli',136,0x0000280100000000000000000000000000000000,3,3,12,300,100,0,0,0,0,2,0,0,581,1157,0,0,1,1,0,136);