@@ -2820,11 +2820,11 @@ tpz.relicTiers =
     },
     [tpz.relicIDs.YOICHINOYUMI] =
     {
-        18348, 18349, 18650, 18664, 18678, 19759, 19852, 21210, 21211, 22129, 22115
+        18348, 18349, 18650, 18664, 18678, 19759, 19852, 21210, 21211, 22115, 22129
     },
     [tpz.relicIDs.ANNIHILATOR] =
     {
-        18336, 18337, 18649, 18663, 18677, 19758, 19851, 21260, 21261, 22140, 21267
+        18336, 18337, 18649, 18663, 18677, 19758, 19851, 21260, 21261, 21267, 22140
     },
     [tpz.relicIDs.GJALLARHORN] =
     {