@@ -5969,7 +5969,7 @@ INSERT INTO `mob_pools` VALUES (5907,'lion','Lion',149,0x0000C30B000000000000000
 INSERT INTO `mob_pools` VALUES (5908,'tenzen','Tenzen',149,0x0000C40B00000000000000000000000000000000,12,0,3,240,100,0,0,0,0,0,0,32,0,3,0,0,320,1,0,1023);
 INSERT INTO `mob_pools` VALUES (5909,'mihli_aliapoh','MihliAliapoh',151,0x0000C50B00000000000000000000000000000000,3,0,3,240,100,0,0,0,0,0,0,32,0,3,0,0,321,1,0,1024);
 INSERT INTO `mob_pools` VALUES (5910,'valaineral','Valaineral',145,0x0000C60B00000000000000000000000000000000,7,1,3,240,100,0,0,0,0,0,0,32,0,3,0,0,322,1,0,1025);
-INSERT INTO `mob_pools` VALUES (5911,'joachim','Joachim',149,0x0000C70B00000000000000000000000000000000,10,3,3,240,100,2,0,0,0,0,0,32,0,3,0,0,323,1,0,1026);
+INSERT INTO `mob_pools` VALUES (5911,'joachim','Joachim',149,0x0000C70B00000000000000000000000000000000,10,3,3,500,25,2,0,0,0,0,0,32,0,3,0,0,323,1,0,1026);
 INSERT INTO `mob_pools` VALUES (5912,'naja_salaheem','NajaSalaheem',151,0x0000C80B00000000000000000000000000000000,2,1,3,240,100,0,0,0,0,0,0,32,0,3,0,0,324,1,0,1027);
 INSERT INTO `mob_pools` VALUES (5913,'prishe','Prishe',145,0x0000C90B00000000000000000000000000000000,2,3,3,240,100,0,0,0,0,0,0,32,0,3,0,0,325,1,0,1028);
 INSERT INTO `mob_pools` VALUES (5914,'ulmia','Ulmia',145,0x0000CA0B00000000000000000000000000000000,10,0,3,240,100,2,0,0,0,0,0,32,0,3,0,0,326,1,0,1029);
@@ -5998,7 +5998,7 @@ INSERT INTO `mob_pools` VALUES (5936,'karaha-baruha','Karaha-Baruha',153,0x0000E
 INSERT INTO `mob_pools` VALUES (5937,'cid','Cid',149,0x0000E10B00000000000000000000000000000000,1,0,3,240,100,0,0,0,0,0,0,32,0,3,0,0,349,1,0,1052);
 INSERT INTO `mob_pools` VALUES (5938,'gilgamesh','Gilgamesh',149,0x0000E20B00000000000000000000000000000000,12,0,3,240,100,0,0,0,0,0,0,32,0,3,0,0,350,1,0,1053);
 INSERT INTO `mob_pools` VALUES (5939,'areuhat','Areuhat',145,0x0000E30B00000000000000000000000000000000,1,0,3,240,100,0,0,0,0,0,0,32,0,3,0,0,351,1,0,1054);
-INSERT INTO `mob_pools` VALUES (5940,'semih_lafihna','SemihLafihna',151,0x0000E40B00000000000000000000000000000000,11,0,3,240,100,3,0,0,0,0,0,32,0,3,0,0,352,1,0,1055);
+INSERT INTO `mob_pools` VALUES (5940,'semih_lafihna','SemihLafihna',151,0x0000E40B00000000000000000000000000000000,11,0,25,500,200,3,0,0,0,0,0,32,0,3,0,0,352,1,0,1055);
 INSERT INTO `mob_pools` VALUES (5941,'elivira','Elivira',149,0x0000E50B00000000000000000000000000000000,11,1,3,240,100,0,0,0,0,0,0,32,0,3,0,0,353,1,0,1056);
 INSERT INTO `mob_pools` VALUES (5942,'noillurie','Noillurie',145,0x0000E60B00000000000000000000000000000000,12,7,3,240,100,0,0,0,0,0,0,32,0,3,0,0,354,1,0,1057);
 INSERT INTO `mob_pools` VALUES (5943,'lhu_mhakaracca','LhuMhakaracca',151,0x0000E70B00000000000000000000000000000000,9,1,3,240,100,0,0,0,0,0,0,32,0,3,0,0,355,1,0,1058);