@@ -136,9 +136,9 @@ INSERT INTO `spell_list` VALUES (77,'barpetrify',0x000000002B0000000000000000000
 INSERT INTO `spell_list` VALUES (78,'barvirus',0x00000000270000000000000000000000000000000000,6,7,0,1,34,25,2500,10000,230,0,78,2000,4,0,1.00,1,165,0,0,NULL);
 INSERT INTO `spell_list` VALUES (79,'slow_ii',0x000000004B0000000000000000000000000000000000,6,2,0,4,35,45,3000,20000,0,0,283,2000,0,0,1.00,1,176,0,204,'TOAU');
 INSERT INTO `spell_list` VALUES (80,'paralyze_ii',0x000000004B0000000000000000000000000000000000,6,5,0,4,35,36,3000,20000,0,0,282,2000,0,0,1.00,1,176,0,204,'TOAU');
-INSERT INTO `spell_list` VALUES (81,'recall-jugner',0x00003500000000000000000000000000000000000000,6,4,0,1,34,125,20000,10000,230,0,122,2000,1,0,1.00,0,0,0,0,'WOTG');
-INSERT INTO `spell_list` VALUES (82,'recall-pashh',0x00003500000000000000000000000000000000000000,6,4,0,1,34,125,20000,10000,230,0,122,2000,1,0,1.00,0,0,0,0,'WOTG');
-INSERT INTO `spell_list` VALUES (83,'recall-meriph',0x00003500000000000000000000000000000000000000,6,4,0,1,34,125,20000,10000,230,0,122,2000,1,0,1.00,0,0,0,0,'WOTG');
+INSERT INTO `spell_list` VALUES (81,'recall-jugner',0x00003500000000000000000000000000000000000000,6,4,0,1,34,125,20000,10000,0,0,122,2000,1,0,1.00,0,0,0,0,'WOTG');
+INSERT INTO `spell_list` VALUES (82,'recall-pashh',0x00003500000000000000000000000000000000000000,6,4,0,1,34,125,20000,10000,0,0,122,2000,1,0,1.00,0,0,0,0,'WOTG');
+INSERT INTO `spell_list` VALUES (83,'recall-meriph',0x00003500000000000000000000000000000000000000,6,4,0,1,34,125,20000,10000,0,0,122,2000,1,0,1.00,0,0,0,0,'WOTG');
 INSERT INTO `spell_list` VALUES (84,'baramnesia',0x000000004E0000000000000000000000000000000000,6,7,0,1,34,30,2500,10000,230,0,0,2000,4,0,1.00,1,300,0,0,'ABYSSEA');
 INSERT INTO `spell_list` VALUES (85,'baramnesra',0x00004E00000000000000000000000000000000000000,6,7,0,1,34,60,2500,10000,230,0,0,2000,1,0,1.00,1,80,0,204,'ABYSSEA');
 INSERT INTO `spell_list` VALUES (86,'barsleepra',0x00000700000000000000000000000000000000000000,6,7,0,1,34,14,5000,10000,230,0,79,2000,1,0,1.00,1,80,0,204,NULL);