@@ -5904,15 +5904,15 @@ INSERT INTO `mob_pools` VALUES (5893,'Gloombound_Lurker','Gloombound_Lurker',221
 INSERT INTO `mob_pools` VALUES (5894,'Lesath','Lesath',217,0x00001C0100000000000000000000000000000000,1,1,7,280,100,0,1,0,1,2,7,0,238,141,0,0,0,1,0,370);
 INSERT INTO `mob_pools` VALUES (5895,'Donggu','Donggu',116,0x0000780100000000000000000000000000000000,1,1,11,240,100,0,0,0,1,2,7,0,0,3,0,0,0,1,0,116);
 -- Trusts
-INSERT INTO `mob_pools` VALUES (5896,'shantotto','Shantotto',153,0x0000B80B00000000000000000000000000000000,4,0,2,240,100,0,2,0,0,0,0,32,0,3,0,0,308,1,0,1011);
+INSERT INTO `mob_pools` VALUES (5896,'shantotto','Shantotto',153,0x0000B80B00000000000000000000000000000000,4,0,2,240,40,0,2,0,0,0,0,32,0,3,0,0,308,1,0,1011);
 INSERT INTO `mob_pools` VALUES (5897,'naji','Naji',149,0x0000B90B00000000000000000000000000000000,1,0,2,240,100,0,2,0,0,0,0,32,0,3,0,0,309,1,0,1012);
-INSERT INTO `mob_pools` VALUES (5898,'kupipi','Kupipi',153,0x0000BA0B00000000000000000000000000000000,3,0,11,230,100,2,0,0,0,0,0,32,0,3,0,0,310,1,0,1013);
-INSERT INTO `mob_pools` VALUES (5899,'excenmille','Excenmille',145,0x0000BB0B00000000000000000000000000000000,7,0,8,390,100,0,0,0,0,0,0,32,0,3,0,0,311,1,0,1014);
-INSERT INTO `mob_pools` VALUES (5900,'ayame','Ayame',149,0x0000BC0B00000000000000000000000000000000,12,0,10,440,100,0,0,0,0,0,0,32,0,3,0,0,312,1,0,1015);
-INSERT INTO `mob_pools` VALUES (5901,'nanaa_mihgo','NanaaMihgo',151,0x0000BD0B00000000000000000000000000000000,6,0,2,190,100,0,0,0,0,0,0,32,0,3,0,0,313,1,0,1016);
+INSERT INTO `mob_pools` VALUES (5898,'kupipi','Kupipi',153,0x0000BA0B00000000000000000000000000000000,3,0,11,230,40,2,0,0,0,0,0,32,0,3,0,0,310,1,0,1013);
+INSERT INTO `mob_pools` VALUES (5899,'excenmille','Excenmille',145,0x0000BB0B00000000000000000000000000000000,7,0,8,390,150,0,0,0,0,0,0,32,0,3,0,0,311,1,0,1014);
+INSERT INTO `mob_pools` VALUES (5900,'ayame','Ayame',149,0x0000BC0B00000000000000000000000000000000,12,0,10,440,150,0,0,0,0,0,0,32,0,3,0,0,312,1,0,1015);
+INSERT INTO `mob_pools` VALUES (5901,'nanaa_mihgo','NanaaMihgo',151,0x0000BD0B00000000000000000000000000000000,6,0,2,190,60,0,0,0,0,0,0,32,0,3,0,0,313,1,0,1016);
 INSERT INTO `mob_pools` VALUES (5902,'curilla','Curilla',145,0x0000BE0B00000000000000000000000000000000,7,0,3,240,100,0,0,0,0,0,0,32,0,3,0,0,314,1,0,1017);
 INSERT INTO `mob_pools` VALUES (5903,'volker','Volker',149,0x0000BF0B00000000000000000000000000000000,1,0,3,240,100,0,0,0,0,0,0,32,0,3,0,0,315,1,0,1018);
-INSERT INTO `mob_pools` VALUES (5904,'ajido-marujido','Ajido-Marujido',153,0x0000C00B00000000000000000000000000000000,4,5,1,400,100,0,0,0,0,0,0,32,0,3,0,0,316,1,0,1019);
+INSERT INTO `mob_pools` VALUES (5904,'ajido-marujido','Ajido-Marujido',153,0x0000C00B00000000000000000000000000000000,4,5,1,400,40,0,0,0,0,0,0,32,0,3,0,0,316,1,0,1019);
 INSERT INTO `mob_pools` VALUES (5905,'trion','Trion',145,0x0000C10B00000000000000000000000000000000,7,1,3,240,100,0,0,0,0,0,0,32,0,3,0,0,317,1,0,1020);
 INSERT INTO `mob_pools` VALUES (5906,'zeid','Zeid',146,0x0000C20B00000000000000000000000000000000,8,0,3,240,100,0,0,0,0,0,0,32,0,3,0,0,318,1,0,1021);
 INSERT INTO `mob_pools` VALUES (5907,'lion','Lion',149,0x0000C30B00000000000000000000000000000000,6,0,3,240,100,0,0,0,0,0,0,32,0,3,0,0,319,1,0,1022);
@@ -5925,7 +5925,7 @@ INSERT INTO `mob_pools` VALUES (5913,'prishe','Prishe',145,0x0000C90B00000000000
 INSERT INTO `mob_pools` VALUES (5914,'ulmia','Ulmia',145,0x0000CA0B00000000000000000000000000000000,10,0,3,240,100,0,0,0,0,0,0,32,0,3,0,0,326,1,0,1029);
 INSERT INTO `mob_pools` VALUES (5915,'shikaree_z','ShikareeZ',151,0x0000CB0B00000000000000000000000000000000,14,3,3,240,100,0,0,0,0,0,0,32,0,3,0,0,327,1,0,1030);
 INSERT INTO `mob_pools` VALUES (5916,'cherukiki','Cherukiki',153,0x0000CC0B00000000000000000000000000000000,3,0,3,240,100,0,0,0,0,0,0,32,0,3,0,0,328,1,0,1031);
-INSERT INTO `mob_pools` VALUES (5917,'iron_eater','IronEater',146,0x0000CD0B00000000000000000000000000000000,1,0,3,240,100,0,0,0,0,0,0,32,0,3,0,0,329,1,0,1032);
+INSERT INTO `mob_pools` VALUES (5917,'iron_eater','IronEater',146,0x0000CD0B00000000000000000000000000000000,1,0,3,240,150,0,0,0,0,0,0,32,0,3,0,0,329,1,0,1032);
 INSERT INTO `mob_pools` VALUES (5918,'gessho','Gessho',270,0x0000CE0B00000000000000000000000000000000,13,1,3,240,100,0,0,0,0,0,0,32,0,3,0,0,330,1,0,1033);
 INSERT INTO `mob_pools` VALUES (5919,'gadalar','Gadalar',149,0x0000CF0B00000000000000000000000000000000,4,0,3,240,100,0,0,0,0,0,0,32,0,3,0,0,331,1,0,1034);
 INSERT INTO `mob_pools` VALUES (5920,'rainemard','Rainemard',145,0x0000D00B00000000000000000000000000000000,5,0,3,240,100,0,0,0,0,0,0,32,0,3,0,0,332,1,0,1035);