@@ -355,7 +355,7 @@ INSERT INTO `mob_pools` VALUES (294,'Avatar_Icon','Avatar_Icon',95,0x00002404000
 INSERT INTO `mob_pools` VALUES (295,'Avatar_Idol','Avatar_Idol',95,0x0000240400000000000000000000000000000000,4,4,12,240,100,0,1,0,1,2,1023,0,0,1665,0,0,2,1,0,95);
 INSERT INTO `mob_pools` VALUES (296,'Awahondo','Awahondo',81,0x0000490500000000000000000000000000000000,2,8,7,360,100,0,0,0,0,2,0,0,1,1157,0,0,0,1,0,956);
 INSERT INTO `mob_pools` VALUES (297,'Awd_Goggie','Awd_Goggie',79,0x00008D0100000000000000000000000000000000,1,1,11,240,100,0,1,0,1,2,0,0,0,3,0,0,0,1,0,79);
-INSERT INTO `mob_pools` VALUES (298,'Aw_aern_mnk','Aw_aern_mnk',3,0x0000570500000000000000000000000000000000,2,2,1,480,100,0,0,0,1,0,0,0,1,1155,0,0,0,1,0,3);
+-- 298: free
 INSERT INTO `mob_pools` VALUES (299,'Aw_euvhi','Aw_euvhi',109,0x00000E0200000000000000000000000000000000,1,1,11,240,100,0,1,1,0,0,0,0,0,1155,6,0,0,1,0,109);
 INSERT INTO `mob_pools` VALUES (300,'Aw_ghrah','Aw_ghrah',122,0x0600890400000000000000000000000000000000,1,1,7,220,100,0,1,1,0,0,0,0,0,0,0,0,0,1,0,122);
 INSERT INTO `mob_pools` VALUES (301,'Aw_zdei','Aw_zdei',272,0x0000850400000000000000000000000000000000,1,1,7,240,100,0,1,1,0,0,0,0,0,0,0,0,0,1,0,272);
@@ -1296,7 +1296,7 @@ INSERT INTO `mob_pools` VALUES (1235,'Enna-enna','Enna-enna',56,0x00001801000000
 INSERT INTO `mob_pools` VALUES (1236,'Entozoon','Entozoon',258,0x0000580900000000000000000000000000000000,4,3,11,240,100,0,0,0,1,0,0,0,0,0,0,0,9,1,64,258);
 INSERT INTO `mob_pools` VALUES (1237,'Envier','Envier',78,0x0000730400000000000000000000000000000000,1,1,8,240,100,0,1,1,1,16,0,0,1298,1157,0,0,0,1,0,707);
 INSERT INTO `mob_pools` VALUES (1238,'Eotyrannus','Eotyrannus',210,0x00003C0100000000000000000000000000000000,6,6,7,220,100,0,1,0,0,0,0,0,132,1155,0,0,0,1,0,210);
-INSERT INTO `mob_pools` VALUES (1239,'Eo_aern_mnk','Eo_aern_mnk',3,0x0000570500000000000000000000000000000000,2,2,1,480,100,0,0,0,1,0,0,0,0,0,0,0,0,1,0,3);
+-- 1239: free
 INSERT INTO `mob_pools` VALUES (1240,'Eo_euvhi','Eo_euvhi',109,0x00000E0200000000000000000000000000000000,1,1,11,240,100,0,0,0,1,0,0,0,0,0,0,0,0,1,0,109);
 INSERT INTO `mob_pools` VALUES (1241,'Eo_ghrah','Eo_ghrah',122,0x0600890400000000000000000000000000000000,1,1,7,220,100,0,1,1,0,0,0,0,0,0,0,0,0,1,0,122);
 INSERT INTO `mob_pools` VALUES (1242,'Eo_zdei','Eo_zdei',272,0x0000850400000000000000000000000000000000,1,1,7,240,100,0,1,1,0,0,0,0,0,0,0,0,0,1,0,272);
@@ -3032,7 +3032,7 @@ INSERT INTO `mob_pools` VALUES (2971,'Olla_Pequena','Olla_Pequena',175,0x00009C0
 INSERT INTO `mob_pools` VALUES (2972,'Olyphant','Olyphant',180,0x0000CA0600000000000000000000000000000000,1,1,8,240,100,0,1,0,0,0,0,0,0,0,0,0,0,1,0,180);
 INSERT INTO `mob_pools` VALUES (2973,'Omega','Omega',54,0x0000370400000000000000000000000000000000,1,1,6,240,100,0,1,1,0,34,1,32,7,1691,0,0,0,1,0,54);
 INSERT INTO `mob_pools` VALUES (2974,'Ominous_Weapon','Ominous_Weapon',110,0x0000C30100000000000000000000000000000000,5,5,3,240,100,0,1,0,1,0,0,0,0,3,0,0,42,1,0,110);
-INSERT INTO `mob_pools` VALUES (2975,'Om_aern_nin','Om_aern_nin',3,0x0000570500000000000000000000000000000000,13,13,9,240,100,0,0,0,1,0,0,0,0,1155,5,0,7,1,0,3);
+-- 2975: free
 INSERT INTO `mob_pools` VALUES (2976,'Om_hpemde','Om_hpemde',144,0x00007F0400000000000000000000000000000000,14,14,8,220,100,0,1,1,1,0,0,0,0,1157,5,0,0,1,0,144);
 INSERT INTO `mob_pools` VALUES (2977,'Om_phuabo','Om_phuabo',194,0x0000820400000000000000000000000000000000,1,1,7,280,100,0,1,1,0,0,0,0,0,3205,5,0,0,1,1024,194);
 INSERT INTO `mob_pools` VALUES (2978,'Om_xzomit','Om_xzomit',269,0x0000100200000000000000000000000000000000,1,1,7,200,100,0,0,0,1,0,0,0,0,1153,0,0,0,1,0,269);
@@ -4142,7 +4142,7 @@ INSERT INTO `mob_pools` VALUES (4081,'Ulla','Ulla',149,0x01000E02BA1074207430744
 INSERT INTO `mob_pools` VALUES (4082,'Ullikummi','Ullikummi',135,0x0000B00100000000000000000000000000000000,3,3,11,320,100,0,1,0,0,2,0,32,3045,1183,0,0,1,1,0,135);
 INSERT INTO `mob_pools` VALUES (4083,'Ultima','Ultima',54,0x0000330400000000000000000000000000000000,1,1,6,240,100,0,1,1,0,34,1,32,2635,1691,0,0,0,1,0,728);
 INSERT INTO `mob_pools` VALUES (4084,'Ultrasonic_Zeknajak','Ultrasonic_Zeknajak',334,0x0000190400000000000000000000000000000000,10,10,4,240,100,0,1,0,1,2,0,32,389,159,0,0,6,1,0,334);
-INSERT INTO `mob_pools` VALUES (4085,'Ul_aern_nin','Ul_aern_nin',3,0x0000570500000000000000000000000000000000,13,13,9,240,100,0,0,0,1,0,0,0,1,1153,5,0,7,1,0,3);
+-- 4085: free
 INSERT INTO `mob_pools` VALUES (4086,'Ul_hpemde','Ul_hpemde',144,0x00007F0400000000000000000000000000000000,14,14,8,220,100,0,1,1,1,0,0,0,0,1155,6,0,0,1,0,144);
 INSERT INTO `mob_pools` VALUES (4087,'Ul_phuabo','Ul_phuabo',194,0x0000820400000000000000000000000000000000,1,1,7,280,100,0,1,1,0,0,0,0,0,3203,5,0,0,1,1024,194);
 INSERT INTO `mob_pools` VALUES (4088,'Ul_xzomit','Ul_xzomit',269,0x0000100200000000000000000000000000000000,1,1,7,200,100,0,0,0,1,0,0,0,0,1153,0,0,0,1,0,269);
@@ -5193,7 +5193,7 @@ INSERT INTO `mob_pools` VALUES (5132,'Vampire_Bat','Vampire_Bat',46,0x0000000100
 INSERT INTO `mob_pools` VALUES (5133,'Thread_Leech','Thread_Leech',172,0x0000140100000000000000000000000000000000,1,1,7,240,100,0,1,0,0,0,0,0,0,3,0,0,0,1,0,172);
 INSERT INTO `mob_pools` VALUES (5134,'Poison_Leech','Poison_Leech',172,0x0000140100000000000000000000000000000000,1,1,7,240,100,0,1,0,1,0,0,0,449,641,0,0,0,1,0,172);
 INSERT INTO `mob_pools` VALUES (5135,'Marsh_Funguar','Marsh_Funguar',116,0x0000780100000000000000000000000000000000,1,1,11,240,100,0,1,0,1,0,0,0,342,131,0,0,0,1,0,116);
-INSERT INTO `mob_pools` VALUES (5136,'Ul_aern_brd','Ul_aern_brd',3,0x0000580500000000000000000000000000000000,10,10,2,360,100,0,0,0,1,0,0,0,1,1153,5,0,6,1,0,442);
+-- 5136: free
 INSERT INTO `mob_pools` VALUES (5137,'Harvestman','Harvestman',235,0x0000380100000000000000000000000000000000,8,8,7,240,100,0,0,0,1,2,7,0,0,0,0,0,5,1,0,236);
 INSERT INTO `mob_pools` VALUES (5138,'Bloodsucker','Bloodsucker',369,0x0000150100000000000000000000000000000000,1,1,7,240,100,0,1,0,0,2,0,0,0,159,0,0,0,1,0,369);
 INSERT INTO `mob_pools` VALUES (5139,'Mahishasura','Mahishasura',371,0x0000CA0600000000000000000000000000000000,1,1,7,320,100,0,0,0,0,2,7,0,323,129,0,0,0,1,0,371);
@@ -5382,47 +5382,9 @@ INSERT INTO `mob_pools` VALUES (5321,'Specter3','Specter3',221,0x00001C020000000
 INSERT INTO `mob_pools` VALUES (5322,'Specter4','Specter4',221,0x0000200200000000000000000000000000000000,11,11,3,360,100,0,1,0,1,0,0,0,6535,131,0,0,0,1,0,221);
 INSERT INTO `mob_pools` VALUES (5323,'Sluagh','Sluagh',121,0x0000700100000000000000000000000000000000,4,4,12,240,100,0,1,0,0,2,7,0,561,131,0,0,28,1,0,121);
 INSERT INTO `mob_pools` VALUES (5324,'Jenglot','Jenglot',85,0x0000300100000000000000000000000000000000,1,1,6,240,100,0,1,0,0,2,135,0,1,131,0,0,0,1,0,85);
-INSERT INTO `mob_pools` VALUES (5339,'Ul_aern_sam','Ul_aern_sam',3,0x00005B0500000000000000000000000000000000,12,12,8,240,100,0,0,0,1,0,0,0,1,1153,5,0,0,1,0,440);
-INSERT INTO `mob_pools` VALUES (5340,'Ul_aern_rdm','Ul_aern_rdm',3,0x00005A0500000000000000000000000000000000,5,5,3,240,100,0,0,0,1,0,0,0,1,1153,5,0,3,1,0,441);
-INSERT INTO `mob_pools` VALUES (5341,'Ul_aern_whm','Ul_aern_whm',3,0x00005C0500000000000000000000000000000000,3,3,12,280,100,0,0,0,1,0,0,0,1,1153,5,0,1,1,0,439);
-INSERT INTO `mob_pools` VALUES (5342,'Ul_aern_smn','Ul_aern_smn',3,0x00005C0500000000000000000000000000000000,15,15,12,280,100,0,0,0,1,0,0,0,1,1153,5,0,31,1,0,439);
-INSERT INTO `mob_pools` VALUES (5343,'Ul_aern_drk','Ul_aern_drk',3,0x00005A0500000000000000000000000000000000,8,8,3,360,100,0,0,0,1,0,0,0,1,1153,5,0,5,1,0,441);
-INSERT INTO `mob_pools` VALUES (5344,'Ul_aern_bst','Ul_aern_bst',3,0x0000590500000000000000000000000000000000,9,9,5,240,100,0,0,0,1,0,0,0,1,1153,5,0,0,1,0,443);
+-- 5325 through 5344: free
 INSERT INTO `mob_pools` VALUES (5345,'Maat','Maat',335,0x0000FA0200000000000000000000000000000000,12,0,10,437,100,0,0,0,0,18,0,32,0,3,0,0,0,1,0,335); -- Maat (SAM)
-INSERT INTO `mob_pools` VALUES (5346,'Ul_aern_drg','Ul_aern_drg',3,0x00005B0500000000000000000000000000000000,14,14,8,360,100,0,0,0,1,0,0,0,1,1153,5,0,0,1,0,440);
-INSERT INTO `mob_pools` VALUES (5347,'Ul_aern_war','Ul_aern_war',3,0x0000590500000000000000000000000000000000,1,1,5,240,100,0,0,0,1,0,0,0,1,1153,5,0,0,1,0,443);
-INSERT INTO `mob_pools` VALUES (5348,'Ul_aern_blm','Ul_aern_blm',3,0x0000580500000000000000000000000000000000,4,4,2,240,100,0,0,0,1,0,0,0,1,1153,5,0,2,1,0,442);
-INSERT INTO `mob_pools` VALUES (5349,'Ul_aern_rng','Ul_aern_rng',3,0x0000590500000000000000000000000000000000,11,11,5,360,100,0,0,0,1,0,0,0,1,1153,5,0,0,1,0,443);
-INSERT INTO `mob_pools` VALUES (5350,'Ul_aern_mnk','Ul_aern_mnk',3,0x0000570500000000000000000000000000000000,2,2,1,480,100,0,0,0,1,0,0,0,1,1153,5,0,0,1,0,3);
-INSERT INTO `mob_pools` VALUES (5351,'Ul_aern_thf','Ul_aern_thf',3,0x0000580500000000000000000000000000000000,6,6,2,240,100,0,0,0,1,0,0,0,1,1153,5,0,0,1,0,442);
-INSERT INTO `mob_pools` VALUES (5325,'Om_aern_pld','Om_aern_pld',3,0x00005A0500000000000000000000000000000000,7,7,3,360,100,0,0,0,1,0,0,0,1,1155,5,0,4,1,0,441);
-INSERT INTO `mob_pools` VALUES (5326,'Om_aern_rng','Om_aern_rng',3,0x0000590500000000000000000000000000000000,11,11,5,360,100,0,0,0,1,0,0,0,1,1155,5,0,0,1,0,443);
-INSERT INTO `mob_pools` VALUES (5327,'Om_aern_bst','Om_aern_bst',3,0x0000590500000000000000000000000000000000,9,9,5,360,100,0,0,0,1,0,0,0,1,1155,5,0,0,1,0,443);
-INSERT INTO `mob_pools` VALUES (5328,'Om_aern_war','Om_aern_war',3,0x0000590500000000000000000000000000000000,1,1,5,360,100,0,0,0,1,0,0,0,1,1155,5,0,0,1,0,443);
-INSERT INTO `mob_pools` VALUES (5329,'Om_aern_drg','Om_aern_drg',3,0x00005B0500000000000000000000000000000000,14,14,8,360,100,0,0,0,1,0,0,0,1,1155,5,0,0,1,0,440);
-INSERT INTO `mob_pools` VALUES (5330,'Om_aern_drk','Om_aern_drk',3,0x00005A0500000000000000000000000000000000,8,8,3,360,100,0,0,0,1,0,0,0,1,1155,5,0,5,1,0,441);
-INSERT INTO `mob_pools` VALUES (5331,'Om_aern_whm','Om_aern_whm',3,0x00005C0500000000000000000000000000000000,3,3,12,360,100,0,0,0,1,0,0,0,1,1155,5,0,1,1,0,439);
-INSERT INTO `mob_pools` VALUES (5332,'Om_aern_thf','Om_aern_thf',3,0x0000580500000000000000000000000000000000,6,6,2,240,100,0,0,0,1,0,0,0,1,1155,5,0,0,1,0,442);
-INSERT INTO `mob_pools` VALUES (5333,'Om_aern_sam','Om_aern_sam',3,0x00005B0500000000000000000000000000000000,12,12,8,360,100,0,0,0,1,0,0,0,1,1155,5,0,0,1,0,440);
-INSERT INTO `mob_pools` VALUES (5334,'Om_aern_blm','Om_aern_blm',3,0x0000580500000000000000000000000000000000,4,4,2,240,100,0,0,0,1,0,0,0,1,1155,5,0,2,1,0,442);
-INSERT INTO `mob_pools` VALUES (5335,'Om_aern_mnk','Om_aern_mnk',3,0x0000570500000000000000000000000000000000,2,2,1,480,100,0,0,0,1,0,0,0,1,1155,5,0,0,1,0,3);
-INSERT INTO `mob_pools` VALUES (5336,'Om_aern_rdm','Om_aern_rdm',3,0x00005A0500000000000000000000000000000000,5,5,3,360,100,0,0,0,1,0,0,0,1,1155,5,0,3,1,0,441);
-INSERT INTO `mob_pools` VALUES (5337,'Om_aern_smn','Om_aern_smn',3,0x00005C0500000000000000000000000000000000,15,15,12,360,100,0,0,0,1,0,0,0,1,1155,5,0,31,1,0,439);
-INSERT INTO `mob_pools` VALUES (5338,'Om_aern_brd','Om_aern_brd',3,0x0000580500000000000000000000000000000000,10,10,2,360,100,0,0,0,1,0,0,0,1,1155,5,0,6,1,0,442);
-INSERT INTO `mob_pools` VALUES (5352,'Eo_aern_nin','Eo_aern_nin',3,0x0000570500000000000000000000000000000000,13,13,9,240,100,0,0,0,1,0,0,0,1,1155,0,0,7,1,0,3);
-INSERT INTO `mob_pools` VALUES (5353,'Eo_aern_drg','Eo_aern_drg',3,0x0000600500000000000000000000000000000000,14,14,8,360,100,0,0,0,1,0,0,0,7,1155,0,0,0,1,0,440);
-INSERT INTO `mob_pools` VALUES (5354,'Eo_aern_war','Eo_aern_war',3,0x00005E0500000000000000000000000000000000,1,1,5,360,100,0,0,0,1,0,0,0,1,1155,0,0,0,1,0,443);
-INSERT INTO `mob_pools` VALUES (5355,'Eo_aern_blm','Eo_aern_blm',3,0x00005D0500000000000000000000000000000000,4,4,2,240,100,0,0,0,1,0,0,0,1,1155,0,0,2,1,0,442);
-INSERT INTO `mob_pools` VALUES (5356,'Eo_aern_brd','Eo_aern_brd',3,0x00005D0500000000000000000000000000000000,10,10,2,360,100,0,0,0,1,0,0,0,1,1155,0,0,6,1,0,442);
-INSERT INTO `mob_pools` VALUES (5357,'Eo_aern_pld','Eo_aern_pld',3,0x00005F0500000000000000000000000000000000,7,7,3,360,100,0,0,0,1,0,0,0,1,1155,0,0,4,1,0,441);
-INSERT INTO `mob_pools` VALUES (5358,'Eo_aern_sam','Eo_aern_sam',3,0x0000600500000000000000000000000000000000,12,12,8,360,100,0,0,0,1,0,0,0,1,1155,0,0,0,1,0,440);
-INSERT INTO `mob_pools` VALUES (5359,'Eo_aern_thf','Eo_aern_thf',3,0x00005D0500000000000000000000000000000000,6,6,2,240,100,0,0,0,1,0,0,0,1,1155,0,0,0,1,0,442);
-INSERT INTO `mob_pools` VALUES (5360,'Eo_aern_rng','Eo_aern_rng',3,0x00005E0500000000000000000000000000000000,11,11,5,360,100,0,0,0,1,0,0,0,1,1155,0,0,0,1,0,443);
-INSERT INTO `mob_pools` VALUES (5361,'Eo_aern_bst','Eo_aern_bst',3,0x00005E0500000000000000000000000000000000,9,9,5,360,100,0,0,0,1,0,0,0,1,1155,0,0,0,1,0,443);
-INSERT INTO `mob_pools` VALUES (5362,'Eo_aern_whm','Eo_aern_whm',3,0x0000610500000000000000000000000000000000,3,3,12,360,100,0,0,0,1,0,0,0,1,1155,0,0,1,1,0,439);
-INSERT INTO `mob_pools` VALUES (5363,'Eo_aern_rdm','Eo_aern_rdm',3,0x00005F0500000000000000000000000000000000,5,5,3,360,100,0,0,0,1,0,0,0,1,1155,0,0,3,1,0,441);
-INSERT INTO `mob_pools` VALUES (5364,'Eo_aern_smn','Eo_aern_smn',3,0x0000610500000000000000000000000000000000,15,15,12,360,100,0,0,0,1,0,0,0,1,1155,0,0,31,1,0,439);
-INSERT INTO `mob_pools` VALUES (5365,'Eo_aern_drk','Eo_aern_drk',3,0x00005F0500000000000000000000000000000000,8,8,3,360,100,0,0,0,1,0,0,1,1155,0,0,0,5,1,0,441);
+-- 5346 through 5365: free
 INSERT INTO `mob_pools` VALUES (5366,'Snaggletoothed_Tiger','Snaggletoothed_Tiger',242,0x0000340100000000000000000000000000000000,1,1,7,240,100,0,1,0,1,0,0,0,1,131,0,0,0,1,0,242);
 INSERT INTO `mob_pools` VALUES (5367,'Obstreperous_Panopt','Obstreperous_Panopt',376,0x00000502426561647950616E6F70740000000000,4,5,11,240,100,0,1,1,0,0,0,0,1,131,5,0,9,1,0,376);
 INSERT INTO `mob_pools` VALUES (5368,'Agitated_Chapuli','Agitated_Chapuli',339,0x0000F10900000000000000000000000000000000,1,1,7,240,100,0,0,0,1,0,0,0,1,129,0,0,0,1,0,339);
@@ -5694,19 +5656,7 @@ INSERT INTO `mob_pools` VALUES (5633,'Kammavaca','Kammavaca',53,0x00001408000000
 INSERT INTO `mob_pools` VALUES (5634,'Naga_Raja','Naga_Raja',392,0x0000610200000000000000000000000000000000,8,8,7,240,125,1048,1,1,0,2,0,32,7,135,0,0,111,1,0,0);
 INSERT INTO `mob_pools` VALUES (5635,'Naga_Rajas_Lamia_1','Naga_Rajas_Lamia_1',171,0x0600760600000000000000000000000000000000,4,4,5,240,100,0,1,0,1,0,0,0,26,515,0,0,28,1,0,0);
 INSERT INTO `mob_pools` VALUES (5636,'Naga_Rajas_Lamia_2','Naga_Rajas_Lamia_2',171,0x0600710600000000000000000000000000000000,11,11,5,240,100,0,1,0,1,0,0,0,344,517,0,0,0,1,0,0);
-INSERT INTO `mob_pools` VALUES (5637,'Eschan_aern_mnk','Eschan_aern_mnk',3,0x0000570500000000000000000000000000000000,2,2,1,480,100,0,0,0,1,0,0,0,1,129,0,0,0,1,0,0);
-INSERT INTO `mob_pools` VALUES (5638,'Eschan_aern_bst','Eschan_aern_bst',3,0x0000590500000000000000000000000000000000,9,9,5,240,100,0,0,0,1,0,0,0,1,129,0,0,0,1,0,0);
-INSERT INTO `mob_pools` VALUES (5639,'Eschan_aern_war','Eschan_aern_war',3,0x0000590500000000000000000000000000000000,1,1,5,240,100,0,0,0,1,0,0,0,1,129,0,0,0,1,0,0);
-INSERT INTO `mob_pools` VALUES (5640,'Eschan_aern_rng','Eschan_aern_rng',3,0x0000590500000000000000000000000000000000,1,1,5,240,100,0,0,0,1,0,0,0,1,129,0,0,0,1,0,0);
-INSERT INTO `mob_pools` VALUES (5641,'Eschan_aern_sam','Eschan_aern_sam',3,0x00005B0500000000000000000000000000000000,12,12,8,260,100,0,0,0,1,0,0,0,1,129,5,0,0,1,0,0);
-INSERT INTO `mob_pools` VALUES (5642,'Eschan_aern_drg','Eschan_aern_drg',3,0x00005B0500000000000000000000000000000000,14,14,8,280,100,0,0,0,1,0,0,0,1,129,5,0,0,1,0,0);
-INSERT INTO `mob_pools` VALUES (5643,'Eschan_aern_blm','Eschan_aern_blm',3,0x0000580500000000000000000000000000000000,4,4,2,240,100,0,0,0,1,0,0,0,1,129,0,0,2,1,0,0);
-INSERT INTO `mob_pools` VALUES (5644,'Eschan_aern_thf','Eschan_aern_thf',3,0x0000580500000000000000000000000000000000,6,6,2,150,100,0,0,0,1,0,0,0,1,129,0,0,0,1,0,0);
-INSERT INTO `mob_pools` VALUES (5645,'Eschan_aern_rdm','Eschan_aern_rdm',3,0x00005A0500000000000000000000000000000000,5,5,3,240,100,0,0,0,1,0,0,0,1,129,0,0,3,1,0,0);
-INSERT INTO `mob_pools` VALUES (5646,'Eschan_aern_drk','Eschan_aern_drk',3,0x00005A0500000000000000000000000000000000,8,8,3,270,100,0,0,0,1,0,0,1,129,0,0,0,5,1,0,0);
-INSERT INTO `mob_pools` VALUES (5647,'Eschan_aern_pld','Eschan_aern_pld',3,0x00005A0500000000000000000000000000000000,7,7,3,240,100,0,0,0,1,0,0,0,1,129,0,0,4,1,0,0);
-INSERT INTO `mob_pools` VALUES (5648,'Eschan_aern_smn','Eschan_aern_smn',3,0x00005C0500000000000000000000000000000000,15,15,12,240,100,0,0,0,1,0,0,0,1,129,0,0,31,1,0,0);
-INSERT INTO `mob_pools` VALUES (5649,'Eschan_aern_whm','Eschan_aern_whm',3,0x00005C0500000000000000000000000000000000,3,3,12,240,100,0,0,0,1,0,0,0,1,129,0,0,1,1,0,0);
+-- 5635 through 5649: free
 INSERT INTO `mob_pools` VALUES (5650,'Eschan_Gargouille','Eschan_Gargouille',118,0x0000B10800000000000000000000000000000000,1,1,3,240,100,0,1,0,0,32,0,0,0,2179,0,0,0,76,0,0);
 INSERT INTO `mob_pools` VALUES (5651,'EschanAerns_Wynav','EschanAerns_Wynav',193,0x0000120200000000000000000000000000000000,1,1,7,200,100,0,0,0,1,8,1,0,0,0,0,1,0,1,0,714);
 INSERT INTO `mob_pools` VALUES (5652,'EschanAerns_Euvhi','EschanAerns_Euvhi',109,0x00000E0200000000000000000000000000000000,1,1,11,240,100,0,0,0,1,8,0,0,0,0,0,0,0,1,0,109);
@@ -5936,15 +5886,15 @@ INSERT INTO `mob_pools` VALUES (5875,'Shankha','Shankha',251,0x00005105000000000
 INSERT INTO `mob_pools` VALUES (5876,'Big_Bang','Big_Bang',82,0x0000C40800000000000000000000000000000000,1,1,11,240,100,0,1,0,0,2,7,0,0,1155,0,0,0,1,0,304);
 INSERT INTO `mob_pools` VALUES (5877,'Goaftrap','Goaftrap',114,0x0000410500000000000000000000000000000000,1,1,8,200,100,0,0,0,0,2,7,0,0,3,0,0,0,1,0,346);
 INSERT INTO `mob_pools` VALUES (5878,'Crossbones','Crossbones',227,0x00003C0200000000000000000000000000000000,4,4,5,240,100,0,1,0,0,0,0,0,238,131,0,0,2,1,0,227);
-INSERT INTO `mob_pools` VALUES (5879,'Ruaern_WHM','Ruaern_WHM',3,0x00005C0500000000000000000000000000000000,3,3,12,280,100,0,1,1,1,2,0,0,0,1153,0,0,1,1,0,439);
-INSERT INTO `mob_pools` VALUES (5880,'Ruaern_WAR','Ruaern_WAR',3,0x0000590500000000000000000000000000000000,1,1,5,240,100,0,1,1,1,2,0,0,0,1153,0,0,0,1,0,443);
-INSERT INTO `mob_pools` VALUES (5881,'Ruaern_SAM','Ruaern_SAM',3,0x00005B0500000000000000000000000000000000,12,12,8,240,100,0,1,1,1,2,0,0,0,1153,5,0,0,1,0,440);
-INSERT INTO `mob_pools` VALUES (5882,'Ruaern_DRK','Ruaern_DRK',3,0x00005A0500000000000000000000000000000000,8,8,3,360,100,0,1,1,1,2,0,0,0,1153,0,0,5,1,0,441);
-INSERT INTO `mob_pools` VALUES (5883,'Ruaern_RDM','Ruaern_RDM',3,0x00005A0500000000000000000000000000000000,5,5,3,240,100,0,1,1,1,2,0,0,0,1153,0,0,3,1,0,441);
-INSERT INTO `mob_pools` VALUES (5884,'Ruaern_RNG','Ruaern_RNG',3,0x0000590500000000000000000000000000000000,11,11,5,360,100,0,1,1,1,2,0,0,0,1153,0,0,0,1,0,443);
-INSERT INTO `mob_pools` VALUES (5885,'Ruaern_MNK','Ruaern_MNK',3,0x0000570500000000000000000000000000000000,2,2,1,480,100,0,1,1,1,2,0,0,0,1153,0,0,0,1,0,443);
-INSERT INTO `mob_pools` VALUES (5886,'Ruaern_BLM','Ruaern_BLM',3,0x0000580500000000000000000000000000000000,4,4,2,240,100,0,1,1,1,2,0,0,0,1153,0,0,2,1,0,442);
-INSERT INTO `mob_pools` VALUES (5887,'Ruaern_PLD','Ruaern_PLD',3,0x00005A0500000000000000000000000000000000,7,7,3,360,100,0,1,1,1,2,0,0,0,1155,0,0,4,1,0,441);
+INSERT INTO `mob_pools` VALUES (5879,'Ruaern_whm','Ruaern_whm',3,0x00005C0500000000000000000000000000000000,3,3,12,360,100,0,1,1,1,2,0,0,0,133,6,0,1,1,0,439);
+INSERT INTO `mob_pools` VALUES (5880,'Ruaern_war','Ruaern_war',3,0x0000590500000000000000000000000000000000,1,1,5,360,100,0,1,1,1,2,0,0,0,133,6,0,0,1,0,443);
+INSERT INTO `mob_pools` VALUES (5881,'Ruaern_sam','Ruaern_sam',3,0x00005B0500000000000000000000000000000000,12,12,8,360,100,0,1,1,1,2,0,0,0,133,6,0,0,1,0,440);
+INSERT INTO `mob_pools` VALUES (5882,'Ruaern_drk','Ruaern_drk',3,0x00005A0500000000000000000000000000000000,8,8,3,360,100,0,1,1,1,2,0,0,0,133,6,0,5,1,0,441);
+INSERT INTO `mob_pools` VALUES (5883,'Ruaern_rdm','Ruaern_rdm',3,0x00005A0500000000000000000000000000000000,5,5,3,360,100,0,1,1,1,2,0,0,0,133,6,0,3,1,0,441);
+INSERT INTO `mob_pools` VALUES (5884,'Ruaern_rng','Ruaern_rng',3,0x0000590500000000000000000000000000000000,11,11,5,360,100,0,1,1,1,2,0,0,0,133,6,0,0,1,0,443);
+INSERT INTO `mob_pools` VALUES (5885,'Ruaern_mnk','Ruaern_mnk',3,0x0000570500000000000000000000000000000000,2,2,1,480,100,0,1,1,1,2,0,0,0,133,6,0,0,1,0,443);
+INSERT INTO `mob_pools` VALUES (5886,'Ruaern_blm','Ruaern_blm',3,0x0000580500000000000000000000000000000000,4,4,2,240,100,0,1,1,1,2,0,0,0,133,6,0,2,1,0,442);
+INSERT INTO `mob_pools` VALUES (5887,'Ruaern_pld','Ruaern_pld',3,0x00005A0500000000000000000000000000000000,7,7,3,360,100,0,1,1,1,2,0,0,0,133,5,0,4,1,0,441);
 INSERT INTO `mob_pools` VALUES (5888,'Frogamander','Frogamander',86,0x0000400100000000000000000000000000000000,1,1,3,270,100,0,1,0,0,2,7,0,0,3,0,0,0,1,0,86);
 INSERT INTO `mob_pools` VALUES (5889,'Killer_Jonny','Killer_Jonny',70,0x0000200100000000000000000000000000000000,1,1,11,240,100,0,1,0,0,2,263,32,0,643,0,0,0,1,0,362);
 INSERT INTO `mob_pools` VALUES (5890,'Marquis_Naberius','Marquis_Naberius',169,0x0000E40200000000000000000000000000000000,4,4,4,240,100,0,1,0,1,2,23,32,0,131,0,0,12,1,0,169);
@@ -6212,7 +6162,68 @@ INSERT INTO `mob_pools` VALUES (6168,'Hieracosphinx','Hieracosphinx',179,0x00009
 INSERT INTO `mob_pools` VALUES (6169,'Ophiotaurus','Ophiotaurus',459,0x00006A0B00000000000000000000000000000000,1,1,7,200,100,0,1,1,1,0,0,0,1,129,4,0,0,1,0,1009);
 INSERT INTO `mob_pools` VALUES (6170,'Siren','Siren',44,0x0000320A00000000000000000000000000000000,1,1,7,200,100,0,1,1,1,0,0,32,131,129,0,0,0,0,0,1010);
 INSERT INTO `mob_pools` VALUES (6171,'Nekros_Hound','Nekros_Hound',143,0x00006C0100000000000000000000000000000000,1,1,3,240,100,0,1,0,0,0,0,0,396,133,0,0,0,1,0,143);
-INSERT INTO `mob_pools` VALUES (6172,'Ul_aern_pld','Ul_aern_pld',3,0x00005A0500000000000000000000000000000000,7,7,3,360,100,0,0,0,1,0,0,0,1,1155,5,0,4,1,0,441);
+-- 6172: free
+INSERT INTO `mob_pools` VALUES (6173,'Indoor_aern_war','Indoor_aern_war',3,0x00005E0500000000000000000000000000000000,1,1,5,360,100,0,0,0,1,0,0,0,1,1155,0,0,0,1,0,443);
+INSERT INTO `mob_pools` VALUES (6174,'Indoor_aern_mnk','Indoor_aern_mnk',3,0x0000570500000000000000000000000000000000,2,2,1,480,100,0,0,0,1,0,0,0,1,1155,0,0,0,1,0,3);
+INSERT INTO `mob_pools` VALUES (6175,'Indoor_aern_whm','Indoor_aern_whm',3,0x0000610500000000000000000000000000000000,3,3,12,360,100,0,0,0,1,0,0,0,1,1155,0,0,1,1,0,439);
+INSERT INTO `mob_pools` VALUES (6176,'Indoor_aern_blm','Indoor_aern_blm',3,0x00005D0500000000000000000000000000000000,4,4,2,240,100,0,0,0,1,0,0,0,1,1155,0,0,2,1,0,442);
+INSERT INTO `mob_pools` VALUES (6177,'Indoor_aern_rdm','Indoor_aern_rdm',3,0x00005F0500000000000000000000000000000000,5,5,3,360,100,0,0,0,1,0,0,0,1,1155,0,0,3,1,0,441);
+INSERT INTO `mob_pools` VALUES (6178,'Indoor_aern_thf','Indoor_aern_thf',3,0x00005D0500000000000000000000000000000000,6,6,2,240,100,0,0,0,1,0,0,0,1,1155,0,0,0,1,0,442);
+INSERT INTO `mob_pools` VALUES (6179,'Indoor_aern_pld','Indoor_aern_pld',3,0x00005F0500000000000000000000000000000000,7,7,3,360,100,0,0,0,1,0,0,0,1,1155,0,0,4,1,0,441);
+INSERT INTO `mob_pools` VALUES (6180,'Indoor_aern_drk','Indoor_aern_drk',3,0x00005F0500000000000000000000000000000000,8,8,3,360,100,0,0,0,1,0,0,0,1,1155,0,0,5,1,0,441);
+INSERT INTO `mob_pools` VALUES (6181,'Indoor_aern_bst','Indoor_aern_bst',3,0x00005E0500000000000000000000000000000000,9,9,5,360,100,0,0,0,1,0,0,0,1,1155,0,0,0,1,0,443);
+INSERT INTO `mob_pools` VALUES (6182,'Indoor_aern_brd','Indoor_aern_brd',3,0x00005D0500000000000000000000000000000000,10,10,2,360,100,0,0,0,1,0,0,0,1,1155,0,0,6,1,0,442);
+INSERT INTO `mob_pools` VALUES (6183,'Indoor_aern_rng','Indoor_aern_rng',3,0x00005E0500000000000000000000000000000000,11,11,5,360,100,0,0,0,1,0,0,0,1,1155,0,0,0,1,0,443);
+INSERT INTO `mob_pools` VALUES (6184,'Indoor_aern_sam','Indoor_aern_sam',3,0x0000600500000000000000000000000000000000,12,12,8,360,100,0,0,0,1,0,0,0,1,1155,0,0,0,1,0,440);
+INSERT INTO `mob_pools` VALUES (6185,'Indoor_aern_nin','Indoor_aern_nin',3,0x0000570500000000000000000000000000000000,13,13,9,240,100,0,0,0,1,0,0,0,1,1155,0,0,7,1,0,3);
+INSERT INTO `mob_pools` VALUES (6186,'Indoor_aern_drg','Indoor_aern_drg',3,0x0000600500000000000000000000000000000000,14,14,8,360,100,0,0,0,1,0,0,0,1,1155,0,0,0,1,0,440);
+INSERT INTO `mob_pools` VALUES (6187,'Indoor_aern_smn','Indoor_aern_smn',3,0x0000610500000000000000000000000000000000,15,15,12,360,100,0,0,0,1,0,0,0,1,1155,0,0,31,1,0,439);
+INSERT INTO `mob_pools` VALUES (6188,'Ul_aern_war','Ul_aern_war',3,0x0000590500000000000000000000000000000000,1,1,5,360,100,0,0,0,1,0,0,0,1,1153,5,0,0,1,0,443);
+INSERT INTO `mob_pools` VALUES (6189,'Ul_aern_mnk','Ul_aern_mnk',3,0x0000570500000000000000000000000000000000,2,2,1,480,100,0,0,0,1,0,0,0,1,1153,5,0,0,1,0,3);
+INSERT INTO `mob_pools` VALUES (6190,'Ul_aern_whm','Ul_aern_whm',3,0x00005C0500000000000000000000000000000000,3,3,12,360,100,0,0,0,1,0,0,0,1,1153,5,0,1,1,0,439);
+INSERT INTO `mob_pools` VALUES (6191,'Ul_aern_blm','Ul_aern_blm',3,0x0000580500000000000000000000000000000000,4,4,2,240,100,0,0,0,1,0,0,0,1,1153,5,0,2,1,0,442);
+INSERT INTO `mob_pools` VALUES (6192,'Ul_aern_rdm','Ul_aern_rdm',3,0x00005A0500000000000000000000000000000000,5,5,3,360,100,0,0,0,1,0,0,0,1,1153,5,0,3,1,0,441);
+INSERT INTO `mob_pools` VALUES (6193,'Ul_aern_thf','Ul_aern_thf',3,0x0000580500000000000000000000000000000000,6,6,2,240,100,0,0,0,1,0,0,0,1,1153,5,0,0,1,0,442);
+INSERT INTO `mob_pools` VALUES (6194,'Ul_aern_pld','Ul_aern_pld',3,0x00005A0500000000000000000000000000000000,7,7,3,360,100,0,0,0,1,0,0,0,1,1153,5,0,4,1,0,441);
+INSERT INTO `mob_pools` VALUES (6195,'Ul_aern_drk','Ul_aern_drk',3,0x00005A0500000000000000000000000000000000,8,8,3,360,100,0,0,0,1,0,0,0,1,1153,5,0,5,1,0,441);
+INSERT INTO `mob_pools` VALUES (6196,'Ul_aern_bst','Ul_aern_bst',3,0x0000590500000000000000000000000000000000,9,9,5,360,100,0,0,0,1,0,0,0,1,1153,5,0,0,1,0,443);
+INSERT INTO `mob_pools` VALUES (6197,'Ul_aern_brd','Ul_aern_brd',3,0x0000580500000000000000000000000000000000,10,10,2,360,100,0,0,0,1,0,0,0,1,1153,5,0,6,1,0,442);
+INSERT INTO `mob_pools` VALUES (6198,'Ul_aern_rng','Ul_aern_rng',3,0x0000590500000000000000000000000000000000,11,11,5,360,100,0,0,0,1,0,0,0,1,1153,5,0,0,1,0,443);
+INSERT INTO `mob_pools` VALUES (6199,'Ul_aern_sam','Ul_aern_sam',3,0x00005B0500000000000000000000000000000000,12,12,8,360,100,0,0,0,1,0,0,0,1,1153,5,0,0,1,0,440);
+INSERT INTO `mob_pools` VALUES (6200,'Ul_aern_nin','Ul_aern_nin',3,0x0000570500000000000000000000000000000000,13,13,9,240,100,0,0,0,1,0,0,0,0,1153,5,0,7,1,0,3);
+INSERT INTO `mob_pools` VALUES (6201,'Ul_aern_drg','Ul_aern_drg',3,0x00005B0500000000000000000000000000000000,14,14,8,360,100,0,0,0,1,0,0,0,1,1153,5,0,0,1,0,440);
+INSERT INTO `mob_pools` VALUES (6202,'Ul_aern_smn','Ul_aern_smn',3,0x00005C0500000000000000000000000000000000,15,15,12,360,100,0,0,0,1,0,0,0,1,1153,5,0,31,1,0,439);
+INSERT INTO `mob_pools` VALUES (6203,'Om_aern_war','Om_aern_war',3,0x0000590500000000000000000000000000000000,1,1,5,360,100,0,0,0,1,0,0,0,1,1155,5,0,0,1,0,443);
+INSERT INTO `mob_pools` VALUES (6204,'Om_aern_mnk','Om_aern_mnk',3,0x0000570500000000000000000000000000000000,2,2,1,480,100,0,0,0,1,0,0,0,1,1155,5,0,0,1,0,3);
+INSERT INTO `mob_pools` VALUES (6205,'Om_aern_whm','Om_aern_whm',3,0x00005C0500000000000000000000000000000000,3,3,12,360,100,0,0,0,1,0,0,0,1,1155,5,0,1,1,0,439);
+INSERT INTO `mob_pools` VALUES (6206,'Om_aern_blm','Om_aern_blm',3,0x0000580500000000000000000000000000000000,4,4,2,240,100,0,0,0,1,0,0,0,1,1155,5,0,2,1,0,442);
+INSERT INTO `mob_pools` VALUES (6207,'Om_aern_rdm','Om_aern_rdm',3,0x00005A0500000000000000000000000000000000,5,5,3,360,100,0,0,0,1,0,0,0,1,1155,5,0,3,1,0,441);
+INSERT INTO `mob_pools` VALUES (6208,'Om_aern_thf','Om_aern_thf',3,0x0000580500000000000000000000000000000000,6,6,2,240,100,0,0,0,1,0,0,0,1,1155,5,0,0,1,0,442);
+INSERT INTO `mob_pools` VALUES (6209,'Om_aern_pld','Om_aern_pld',3,0x00005A0500000000000000000000000000000000,7,7,3,360,100,0,0,0,1,0,0,0,1,1155,5,0,4,1,0,441);
+INSERT INTO `mob_pools` VALUES (6210,'Om_aern_drk','Om_aern_drk',3,0x00005A0500000000000000000000000000000000,8,8,3,360,100,0,0,0,1,0,0,0,1,1155,5,0,5,1,0,441);
+INSERT INTO `mob_pools` VALUES (6211,'Om_aern_bst','Om_aern_bst',3,0x0000590500000000000000000000000000000000,9,9,5,360,100,0,0,0,1,0,0,0,1,1155,5,0,0,1,0,443);
+INSERT INTO `mob_pools` VALUES (6212,'Om_aern_brd','Om_aern_brd',3,0x0000580500000000000000000000000000000000,10,10,2,360,100,0,0,0,1,0,0,0,1,1155,5,0,6,1,0,442);
+INSERT INTO `mob_pools` VALUES (6213,'Om_aern_rng','Om_aern_rng',3,0x0000590500000000000000000000000000000000,11,11,5,360,100,0,0,0,1,0,0,0,1,1155,5,0,0,1,0,443);
+INSERT INTO `mob_pools` VALUES (6214,'Om_aern_sam','Om_aern_sam',3,0x00005B0500000000000000000000000000000000,12,12,8,360,100,0,0,0,1,0,0,0,1,1155,5,0,0,1,0,440);
+INSERT INTO `mob_pools` VALUES (6215,'Om_aern_nin','Om_aern_nin',3,0x0000570500000000000000000000000000000000,13,13,9,240,100,0,0,0,1,0,0,0,0,1155,5,0,7,1,0,3);
+INSERT INTO `mob_pools` VALUES (6216,'Om_aern_drg','Om_aern_drg',3,0x00005B0500000000000000000000000000000000,14,14,8,360,100,0,0,0,1,0,0,0,1,1155,5,0,0,1,0,440);
+INSERT INTO `mob_pools` VALUES (6217,'Om_aern_smn','Om_aern_smn',3,0x00005C0500000000000000000000000000000000,15,15,12,360,100,0,0,0,1,0,0,0,1,1155,5,0,31,1,0,439);
+INSERT INTO `mob_pools` VALUES (6218,'Il_aern_war','Il_aern_war',3,0x0000590500000000000000000000000000000000,1,1,5,360,100,0,0,0,1,0,0,0,1,129,5,0,0,1,0,443);
+INSERT INTO `mob_pools` VALUES (6219,'Il_aern_mnk','Il_aern_mnk',3,0x0000570500000000000000000000000000000000,2,2,1,480,100,0,0,0,1,0,0,0,1,129,5,0,0,1,0,3);
+INSERT INTO `mob_pools` VALUES (6220,'Il_aern_whm','Il_aern_whm',3,0x00005C0500000000000000000000000000000000,3,3,12,360,100,0,0,0,1,0,0,0,1,129,5,0,1,1,0,439);
+INSERT INTO `mob_pools` VALUES (6221,'Il_aern_blm','Il_aern_blm',3,0x0000580500000000000000000000000000000000,4,4,2,240,100,0,0,0,1,0,0,0,1,129,5,0,2,1,0,442);
+INSERT INTO `mob_pools` VALUES (6222,'Il_aern_rdm','Il_aern_rdm',3,0x00005A0500000000000000000000000000000000,5,5,3,360,100,0,0,0,1,0,0,0,1,129,5,0,3,1,0,441);
+INSERT INTO `mob_pools` VALUES (6223,'Il_aern_thf','Il_aern_thf',3,0x0000580500000000000000000000000000000000,6,6,2,240,100,0,0,0,1,0,0,0,1,129,5,0,0,1,0,442);
+INSERT INTO `mob_pools` VALUES (6224,'Il_aern_pld','Il_aern_pld',3,0x00005A0500000000000000000000000000000000,7,7,3,360,100,0,0,0,1,0,0,0,1,129,5,0,4,1,0,441);
+INSERT INTO `mob_pools` VALUES (6225,'Il_aern_drk','Il_aern_drk',3,0x00005A0500000000000000000000000000000000,8,8,3,360,100,0,0,0,1,0,0,0,1,129,5,0,5,1,0,441);
+INSERT INTO `mob_pools` VALUES (6226,'Il_aern_bst','Il_aern_bst',3,0x0000590500000000000000000000000000000000,9,9,5,360,100,0,0,0,1,0,0,0,1,129,5,0,0,1,0,443);
+INSERT INTO `mob_pools` VALUES (6227,'Il_aern_brd','Il_aern_brd',3,0x0000580500000000000000000000000000000000,10,10,2,360,100,0,0,0,1,0,0,0,1,129,5,0,6,1,0,442);
+INSERT INTO `mob_pools` VALUES (6228,'Il_aern_rng','Il_aern_rng',3,0x0000590500000000000000000000000000000000,11,11,5,360,100,0,0,0,1,0,0,0,1,129,5,0,0,1,0,443);
+INSERT INTO `mob_pools` VALUES (6229,'Il_aern_sam','Il_aern_sam',3,0x00005B0500000000000000000000000000000000,12,12,8,360,100,0,0,0,1,0,0,0,1,129,5,0,0,1,0,440);
+INSERT INTO `mob_pools` VALUES (6230,'Il_aern_nin','Il_aern_nin',3,0x0000570500000000000000000000000000000000,13,13,9,240,100,0,0,0,1,0,0,0,0,129,5,0,7,1,0,3);
+INSERT INTO `mob_pools` VALUES (6231,'Il_aern_drg','Il_aern_drg',3,0x00005B0500000000000000000000000000000000,14,14,8,360,100,0,0,0,1,0,0,0,1,129,5,0,0,1,0,440);
+INSERT INTO `mob_pools` VALUES (6232,'Il_aern_smn','Il_aern_smn',3,0x00005C0500000000000000000000000000000000,15,15,12,360,100,0,0,0,1,0,0,0,1,129,5,0,31,1,0,439);
+
 
 /*
   `poolid` int(10) unsigned NOT NULL,