@@ -99,48 +99,48 @@ INSERT INTO `spell_list` VALUES (39,'banishga_ii',0x0000280000000000000000000000
 INSERT INTO `spell_list` VALUES (40,'banishga_iii',0x00000000000000000000000000000000000000000000,6,9,7,0,4,32,233,6500,45000,2,252,40,2000,1,180,1.00,0,0,0,204,NULL);
 INSERT INTO `spell_list` VALUES (41,'banishga_iv',0x00000000000000000000000000000000000000000000,6,9,7,0,4,32,380,5750,55000,2,252,41,2000,1,180,1.00,0,0,0,204,NULL);
 INSERT INTO `spell_list` VALUES (42,'banishga_v',0x00000000000000000000000000000000000000000000,6,9,7,0,4,32,563,6000,60000,2,252,42,2000,1,180,1.00,0,0,0,204,NULL);
-INSERT INTO `spell_list` VALUES (43,'protect',0x0000070007000A0000000000000000000000000A0000,6,10,7,0,91,34,9,1000,5000,230,0,43,2000,4,0,1.00,1,80,0,204,NULL);
-INSERT INTO `spell_list` VALUES (44,'protect_ii',0x00001B001B001E0000000000000000000000001E0000,6,10,7,0,91,34,28,1250,5250,230,0,44,2000,4,0,1.00,1,80,0,204,NULL);
-INSERT INTO `spell_list` VALUES (45,'protect_iii',0x00002F002F0032000000000000000000000000320000,6,10,7,0,91,34,46,1500,5500,230,0,45,2000,4,0,1.00,1,80,0,204,NULL);
-INSERT INTO `spell_list` VALUES (46,'protect_iv',0x00003F003F0046000000000000000000000000420000,6,10,7,0,91,34,65,1750,5750,230,0,46,2000,4,0,1.00,1,80,0,204,NULL);
+INSERT INTO `spell_list` VALUES (43,'protect',0x0000070007000A0000000000000000000000000A0014,6,10,7,0,91,34,9,1000,5000,230,0,43,2000,4,0,1.00,1,80,0,204,NULL);
+INSERT INTO `spell_list` VALUES (44,'protect_ii',0x00001B001B001E0000000000000000000000001E0028,6,10,7,0,91,34,28,1250,5250,230,0,44,2000,4,0,1.00,1,80,0,204,NULL);
+INSERT INTO `spell_list` VALUES (45,'protect_iii',0x00002F002F003200000000000000000000000032003C,6,10,7,0,91,34,46,1500,5500,230,0,45,2000,4,0,1.00,1,80,0,204,NULL);
+INSERT INTO `spell_list` VALUES (46,'protect_iv',0x00003F003F0046000000000000000000000000420050,6,10,7,0,91,34,65,1750,5750,230,0,46,2000,4,0,1.00,1,80,0,204,NULL);
 INSERT INTO `spell_list` VALUES (47,'protect_v',0x00004C004D005A000000000000000000000000500000,6,10,7,0,91,34,84,2000,6000,230,0,47,2000,4,0,1.00,1,80,0,204,'ABYSSEA');
-INSERT INTO `spell_list` VALUES (48,'shell',0x00001100110014000000000000000000000000140000,6,11,7,0,91,34,18,1000,5000,230,0,48,2000,4,0,1.00,1,80,0,204,NULL);
-INSERT INTO `spell_list` VALUES (49,'shell_ii',0x00002500250028000000000000000000000000280000,6,11,7,0,91,34,37,1250,5250,230,0,49,2000,4,0,1.00,1,80,0,204,NULL);
-INSERT INTO `spell_list` VALUES (50,'shell_iii',0x0000390039003C0000000000000000000000003C0000,6,11,7,0,91,34,56,1500,5500,230,0,50,2000,4,0,1.00,1,80,0,204,NULL);
-INSERT INTO `spell_list` VALUES (51,'shell_iv',0x00004400440050000000000000000000000000470000,6,11,7,0,91,34,75,1750,5750,230,0,51,2000,4,0,1.00,1,80,0,204,NULL);
-INSERT INTO `spell_list` VALUES (52,'shell_v',0x00004C005700000000000000000000000000005A0000,6,11,7,0,91,34,93,2000,6000,230,0,52,2000,4,0,1.00,1,80,0,204,'ABYSSEA');
-INSERT INTO `spell_list` VALUES (53,'blink',0x000013001700000000000000000000000000001D0000,6,0,4,0,1,34,20,6000,10000,230,0,53,2000,4,0,1.00,0,165,0,0,NULL);
-INSERT INTO `spell_list` VALUES (54,'stoneskin',0x00001C002200000000000000000000000000002C0000,6,0,2,0,1,34,29,7000,30000,230,0,54,2000,4,0,1.00,0,165,0,204,NULL);
-INSERT INTO `spell_list` VALUES (55,'aquaveil',0x00000A000C00000000000000000000000000000D0000,6,0,3,0,1,34,12,5000,10000,230,0,55,2000,4,0,1.00,0,165,0,0,NULL);
+INSERT INTO `spell_list` VALUES (48,'shell',0x0000110011001400000000000000000000000014000A,6,11,7,0,91,34,18,1000,5000,230,0,48,2000,4,0,1.00,1,80,0,204,NULL);
+INSERT INTO `spell_list` VALUES (49,'shell_ii',0x0000250025002800000000000000000000000028001E,6,11,7,0,91,34,37,1250,5250,230,0,49,2000,4,0,1.00,1,80,0,204,NULL);
+INSERT INTO `spell_list` VALUES (50,'shell_iii',0x0000390039003C0000000000000000000000003C0032,6,11,7,0,91,34,56,1500,5500,230,0,50,2000,4,0,1.00,1,80,0,204,NULL);
+INSERT INTO `spell_list` VALUES (51,'shell_iv',0x00004400440050000000000000000000000000470046,6,11,7,0,91,34,75,1750,5750,230,0,51,2000,4,0,1.00,1,80,0,204,NULL);
+INSERT INTO `spell_list` VALUES (52,'shell_v',0x00004C005700000000000000000000000000005A005A,6,11,7,0,91,34,93,2000,6000,230,0,52,2000,4,0,1.00,1,80,0,204,'ABYSSEA');
+INSERT INTO `spell_list` VALUES (53,'blink',0x000013001700000000000000000000000000001D0023,6,0,4,0,1,34,20,6000,10000,230,0,53,2000,4,0,1.00,0,165,0,0,NULL);
+INSERT INTO `spell_list` VALUES (54,'stoneskin',0x00001C002200000000000000000000000000002C0037,6,0,2,0,1,34,29,7000,30000,230,0,54,2000,4,0,1.00,0,165,0,204,NULL);
+INSERT INTO `spell_list` VALUES (55,'aquaveil',0x00000A000C00000000000000000000000000000D000F,6,0,3,0,1,34,12,5000,10000,230,0,55,2000,4,0,1.00,0,165,0,0,NULL);
 INSERT INTO `spell_list` VALUES (56,'slow',0x00000D000D0000000000000000000000000000000000,6,12,2,0,4,35,15,2000,20000,230,0,56,2000,0,0,1.00,1,176,0,204,NULL);
 INSERT INTO `spell_list` VALUES (57,'haste',0x00002800300000000000000000000000000000000000,6,13,6,0,91,34,40,3000,20000,230,0,57,2000,0,0,1.00,1,165,0,204,NULL);
 INSERT INTO `spell_list` VALUES (58,'paralyze',0x00000400060000000000000000000000000000000000,6,14,5,0,4,35,6,3000,10000,84,84,58,2000,0,0,1.00,1,176,0,204,NULL);
 INSERT INTO `spell_list` VALUES (59,'silence',0x00000F00120000000000000000000000000000000000,6,0,4,0,4,35,16,3000,10000,0,0,59,2000,0,0,1.00,1,176,0,204,NULL);
-INSERT INTO `spell_list` VALUES (60,'barfire',0x00000000110000000000000000000000000000000000,6,15,7,0,1,34,6,500,10000,230,0,60,2000,4,0,1.00,1,165,0,0,NULL);
-INSERT INTO `spell_list` VALUES (61,'barblizzard',0x00000000150000000000000000000000000000000000,6,15,7,0,1,34,6,500,10000,230,0,61,2000,4,0,1.00,1,165,0,0,NULL);
-INSERT INTO `spell_list` VALUES (62,'baraero',0x000000000D0000000000000000000000000000000000,6,15,7,0,1,34,6,500,10000,230,0,62,2000,4,0,1.00,1,165,0,0,NULL);
-INSERT INTO `spell_list` VALUES (63,'barstone',0x00000000050000000000000000000000000000000000,6,15,7,0,1,34,6,500,10000,230,0,63,2000,4,0,1.00,1,165,0,0,NULL);
-INSERT INTO `spell_list` VALUES (64,'barthunder',0x00000000190000000000000000000000000000000000,6,15,7,0,1,34,6,500,10000,230,0,64,2000,4,0,1.00,1,165,0,0,NULL);
-INSERT INTO `spell_list` VALUES (65,'barwater',0x00000000090000000000000000000000000000000000,6,15,7,0,1,34,6,500,10000,230,0,65,2000,4,0,1.00,1,165,0,0,NULL);
+INSERT INTO `spell_list` VALUES (60,'barfire',0x00000000110000000000000000000000000000000010,6,15,7,0,1,34,6,500,10000,230,0,60,2000,4,0,1.00,1,165,0,0,NULL);
+INSERT INTO `spell_list` VALUES (61,'barblizzard',0x00000000150000000000000000000000000000000014,6,15,7,0,1,34,6,500,10000,230,0,61,2000,4,0,1.00,1,165,0,0,NULL);
+INSERT INTO `spell_list` VALUES (62,'baraero',0x000000000D000000000000000000000000000000000C,6,15,7,0,1,34,6,500,10000,230,0,62,2000,4,0,1.00,1,165,0,0,NULL);
+INSERT INTO `spell_list` VALUES (63,'barstone',0x00000000050000000000000000000000000000000004,6,15,7,0,1,34,6,500,10000,230,0,63,2000,4,0,1.00,1,165,0,0,NULL);
+INSERT INTO `spell_list` VALUES (64,'barthunder',0x00000000190000000000000000000000000000000018,6,15,7,0,1,34,6,500,10000,230,0,64,2000,4,0,1.00,1,165,0,0,NULL);
+INSERT INTO `spell_list` VALUES (65,'barwater',0x00000000090000000000000000000000000000000008,6,15,7,0,1,34,6,500,10000,230,0,65,2000,4,0,1.00,1,165,0,0,NULL);
 INSERT INTO `spell_list` VALUES (66,'barfira',0x00001100000000000000000000000000000000000000,6,16,7,0,1,34,12,500,10000,230,0,66,2000,1,0,1.00,1,80,0,204,NULL);
 INSERT INTO `spell_list` VALUES (67,'barblizzara',0x00001500000000000000000000000000000000000000,6,16,7,0,1,34,12,500,10000,230,0,67,2000,1,0,1.00,1,80,0,204,NULL);
 INSERT INTO `spell_list` VALUES (68,'baraera',0x00000D00000000000000000000000000000000000000,6,16,7,0,1,34,12,500,10000,230,0,68,2000,1,0,1.00,1,80,0,204,NULL);
 INSERT INTO `spell_list` VALUES (69,'barstonra',0x00000500000000000000000000000000000000000000,6,16,7,0,1,34,12,500,10000,230,0,69,2000,1,0,1.00,1,80,0,204,NULL);
 INSERT INTO `spell_list` VALUES (70,'barthundra',0x00001900000000000000000000000000000000000000,6,16,7,0,1,34,12,500,10000,230,0,70,2000,1,0,1.00,1,80,0,204,NULL);
 INSERT INTO `spell_list` VALUES (71,'barwatera',0x00000900000000000000000000000000000000000000,6,16,7,0,1,34,12,500,10000,230,0,71,2000,1,0,1.00,1,80,0,204,NULL);
-INSERT INTO `spell_list` VALUES (72,'barsleep',0x00000000070000000000000000000000000000000000,6,17,7,0,1,34,7,2500,10000,230,0,72,2000,4,0,1.00,1,165,0,0,NULL);
-INSERT INTO `spell_list` VALUES (73,'barpoison',0x000000000A0000000000000000000000000000000000,6,17,7,0,1,34,9,2500,10000,230,0,73,2000,4,0,1.00,1,165,0,0,NULL);
-INSERT INTO `spell_list` VALUES (74,'barparalyze',0x000000000C0000000000000000000000000000000000,6,17,7,0,1,34,11,2500,10000,230,0,74,2000,4,0,1.00,1,165,0,0,NULL);
-INSERT INTO `spell_list` VALUES (75,'barblind',0x00000000120000000000000000000000000000000000,6,17,7,0,1,34,13,2500,10000,230,0,75,2000,4,0,1.00,1,165,0,0,NULL);
-INSERT INTO `spell_list` VALUES (76,'barsilence',0x00000000170000000000000000000000000000000000,6,17,7,0,1,34,15,2500,10000,230,0,76,2000,4,0,1.00,1,165,0,0,NULL);
-INSERT INTO `spell_list` VALUES (77,'barpetrify',0x000000002B0000000000000000000000000000000000,6,17,7,0,1,34,20,2500,10000,230,0,77,2000,4,0,1.00,1,165,0,0,NULL);
-INSERT INTO `spell_list` VALUES (78,'barvirus',0x00000000270000000000000000000000000000000000,6,17,7,0,1,34,25,2500,10000,230,0,78,2000,4,0,1.00,1,165,0,0,NULL);
+INSERT INTO `spell_list` VALUES (72,'barsleep',0x00000000070000000000000000000000000000000006,6,17,7,0,1,34,7,2500,10000,230,0,72,2000,4,0,1.00,1,165,0,0,NULL);
+INSERT INTO `spell_list` VALUES (73,'barpoison',0x000000000A0000000000000000000000000000000009,6,17,7,0,1,34,9,2500,10000,230,0,73,2000,4,0,1.00,1,165,0,0,NULL);
+INSERT INTO `spell_list` VALUES (74,'barparalyze',0x000000000C000000000000000000000000000000000B,6,17,7,0,1,34,11,2500,10000,230,0,74,2000,4,0,1.00,1,165,0,0,NULL);
+INSERT INTO `spell_list` VALUES (75,'barblind',0x00000000120000000000000000000000000000000011,6,17,7,0,1,34,13,2500,10000,230,0,75,2000,4,0,1.00,1,165,0,0,NULL);
+INSERT INTO `spell_list` VALUES (76,'barsilence',0x00000000170000000000000000000000000000000016,6,17,7,0,1,34,15,2500,10000,230,0,76,2000,4,0,1.00,1,165,0,0,NULL);
+INSERT INTO `spell_list` VALUES (77,'barpetrify',0x000000002B000000000000000000000000000000002A,6,17,7,0,1,34,20,2500,10000,230,0,77,2000,4,0,1.00,1,165,0,0,NULL);
+INSERT INTO `spell_list` VALUES (78,'barvirus',0x00000000270000000000000000000000000000000026,6,17,7,0,1,34,25,2500,10000,230,0,78,2000,4,0,1.00,1,165,0,0,NULL);
 INSERT INTO `spell_list` VALUES (79,'slow_ii',0x000000004B0000000000000000000000000000000000,6,12,2,0,4,35,45,3000,20000,0,0,283,2000,0,0,1.00,1,176,0,204,'TOAU');
 INSERT INTO `spell_list` VALUES (80,'paralyze_ii',0x000000004B0000000000000000000000000000000000,6,14,5,0,4,35,36,3000,20000,0,0,282,2000,0,0,1.00,1,176,0,204,'TOAU');
 INSERT INTO `spell_list` VALUES (81,'recall-jugner',0x00003500000000000000000000000000000000000000,6,19,4,0,1,34,125,20000,10000,0,0,122,2000,1,0,1.00,0,0,0,0,'WOTG');
 INSERT INTO `spell_list` VALUES (82,'recall-pashh',0x00003500000000000000000000000000000000000000,6,19,4,0,1,34,125,20000,10000,0,0,122,2000,1,0,1.00,0,0,0,0,'WOTG');
 INSERT INTO `spell_list` VALUES (83,'recall-meriph',0x00003500000000000000000000000000000000000000,6,19,4,0,1,34,125,20000,10000,0,0,122,2000,1,0,1.00,0,0,0,0,'WOTG');
-INSERT INTO `spell_list` VALUES (84,'baramnesia',0x000000004E0000000000000000000000000000000000,6,17,7,0,1,34,30,2500,10000,230,0,0,2000,4,0,1.00,1,300,0,0,'ABYSSEA');
+INSERT INTO `spell_list` VALUES (84,'baramnesia',0x000000004E000000000000000000000000000000004C,6,17,7,0,1,34,30,2500,10000,230,0,0,2000,4,0,1.00,1,300,0,0,'ABYSSEA');
 INSERT INTO `spell_list` VALUES (85,'baramnesra',0x00004E00000000000000000000000000000000000000,6,18,7,0,1,34,60,2500,10000,230,0,0,2000,1,0,1.00,1,80,0,204,'ABYSSEA');
 INSERT INTO `spell_list` VALUES (86,'barsleepra',0x00000700000000000000000000000000000000000000,6,18,7,0,1,34,14,5000,10000,230,0,79,2000,1,0,1.00,1,80,0,204,NULL);
 INSERT INTO `spell_list` VALUES (87,'barpoisonra',0x00000A00000000000000000000000000000000000000,6,18,7,0,1,34,18,5000,10000,230,0,80,2000,1,0,1.00,1,300,0,204,NULL);
@@ -162,13 +162,13 @@ INSERT INTO `spell_list` VALUES (102,'enaero',0x00000000140000000000000000000000
 INSERT INTO `spell_list` VALUES (103,'enstone',0x00000000120000000000000000000000000000000000,6,24,2,0,1,34,12,3000,10000,230,0,103,2000,4,0,1.00,1,165,0,0,NULL);
 INSERT INTO `spell_list` VALUES (104,'enthunder',0x00000000100000000000000000000000000000000000,6,25,6,0,1,34,12,3000,10000,230,0,104,2000,4,0,1.00,1,165,0,0,NULL);
 INSERT INTO `spell_list` VALUES (105,'enwater',0x000000001B0000000000000000000000000000000000,6,26,3,0,1,34,12,3000,10000,230,0,105,2000,4,0,1.00,1,165,0,0,NULL);
-INSERT INTO `spell_list` VALUES (106,'phalanx',0x0000000021004D000000000000000000000000000000,6,27,7,0,1,34,21,3000,10000,230,0,106,2000,4,0,1.00,1,165,0,204,NULL);
+INSERT INTO `spell_list` VALUES (106,'phalanx',0x0000000021004D000000000000000000000000000044,6,27,7,0,1,34,21,3000,10000,230,0,106,2000,4,0,1.00,1,165,0,204,NULL);
 INSERT INTO `spell_list` VALUES (107,'phalanx_ii',0x000000004B0000000000000000000000000000000000,6,27,7,0,3,34,42,3000,10000,230,0,107,2000,0,0,1.00,1,165,0,204,'TOAU');
-INSERT INTO `spell_list` VALUES (108,'regen',0x00001500150000000000000000000000000000120000,6,28,7,0,3,34,15,1500,12000,230,0,108,2000,4,0,1.00,1,165,0,204,NULL);
-INSERT INTO `spell_list` VALUES (109,'refresh',0x00000000290000000000000000000000000000000000,6,29,7,0,3,34,40,5000,18000,230,0,109,2000,4,0,1.00,1,165,0,204,NULL);
-INSERT INTO `spell_list` VALUES (110,'regen_ii',0x00002C004C0000000000000000000000000000250000,6,28,7,0,3,34,36,1750,16000,230,0,139,2000,4,0,1.00,1,165,0,204,NULL);
-INSERT INTO `spell_list` VALUES (111,'regen_iii',0x000042000000000000000000000000000000003B0000,6,28,7,0,3,34,64,2000,20000,230,0,140,2000,4,0,1.00,1,165,0,204,NULL);
-INSERT INTO `spell_list` VALUES (112,'flash',0x00002D00000025000000000000000000000000000000,6,0,7,0,4,32,25,500,45000,0,0,486,2000,0,0,1.00,180,1280,0,204,NULL);
+INSERT INTO `spell_list` VALUES (108,'regen',0x00001500150000000000000000000000000000120017,6,28,7,0,3,34,15,1500,12000,230,0,108,2000,4,0,1.00,1,165,0,204,NULL);
+INSERT INTO `spell_list` VALUES (109,'refresh',0x0000000029000000000000000000000000000000003E,6,29,7,0,3,34,40,5000,18000,230,0,109,2000,4,0,1.00,1,165,0,204,NULL);
+INSERT INTO `spell_list` VALUES (110,'regen_ii',0x00002C004C0000000000000000000000000000250030,6,28,7,0,3,34,36,1750,16000,230,0,139,2000,4,0,1.00,1,165,0,204,NULL);
+INSERT INTO `spell_list` VALUES (111,'regen_iii',0x000042000000000000000000000000000000003B0046,6,28,7,0,3,34,64,2000,20000,230,0,140,2000,4,0,1.00,1,165,0,204,NULL);
+INSERT INTO `spell_list` VALUES (112,'flash',0x00002D0000002500000000000000000000000000002D,6,0,7,0,4,32,25,500,45000,0,0,486,2000,0,0,1.00,180,1280,0,204,NULL);
 INSERT INTO `spell_list` VALUES (113,'rainstorm',0x000000000000000000000000000000000000002A0000,6,31,3,0,3,34,30,2000,18000,230,0,774,2000,4,0,1.00,1,165,0,204,NULL);
 INSERT INTO `spell_list` VALUES (114,'windstorm',0x000000000000000000000000000000000000002B0000,6,32,4,0,3,34,30,2000,18000,230,0,777,2000,4,0,1.00,1,165,0,204,NULL);
 INSERT INTO `spell_list` VALUES (115,'firestorm',0x000000000000000000000000000000000000002C0000,6,33,1,0,3,34,30,2000,18000,230,0,773,2000,4,0,1.00,1,165,0,204,NULL);
@@ -304,9 +304,9 @@ INSERT INTO `spell_list` VALUES (245,'drain',0x0000000C0000000A00000000000000000
 INSERT INTO `spell_list` VALUES (246,'drain_ii',0x000000000000003E0000000000000000000000000000,2,67,8,0,4,37,37,3000,180000,227,274,246,2000,0,0,1.00,0,0,0,204,'TOAU');
 INSERT INTO `spell_list` VALUES (247,'aspir',0x00000019000000140000000000000000000000240000,2,68,8,0,4,37,10,3000,60000,228,275,247,2000,3,0,1.00,320,0,0,204,NULL);
 INSERT INTO `spell_list` VALUES (248,'aspir_ii',0x000000530000004E0000000000000000000000610000,2,68,8,0,4,37,5,3000,75000,228,228,248,2000,0,0,1.00,320,0,0,204,'ABYSSEA');
-INSERT INTO `spell_list` VALUES (249,'blaze_spikes',0x0000000A1400000000000000000000000000001E0000,2,69,1,0,1,34,8,3000,10000,0,0,249,2000,3,0,1.00,1,264,0,0,NULL);
-INSERT INTO `spell_list` VALUES (250,'ice_spikes',0x00000014280000000000000000000000000000320000,2,69,5,0,1,34,16,3000,10000,0,0,250,2000,3,0,1.00,1,264,0,0,NULL);
-INSERT INTO `spell_list` VALUES (251,'shock_spikes',0x0000001E3C0000000000000000000000000000460000,2,69,6,0,1,34,24,3000,10000,0,0,251,2000,3,0,1.00,1,264,0,0,NULL);
+INSERT INTO `spell_list` VALUES (249,'blaze_spikes',0x0000000A1400000000000000000000000000001E002D,2,69,1,0,1,34,8,3000,10000,0,0,249,2000,3,0,1.00,1,264,0,0,NULL);
+INSERT INTO `spell_list` VALUES (250,'ice_spikes',0x00000014280000000000000000000000000000320041,2,69,5,0,1,34,16,3000,10000,0,0,250,2000,3,0,1.00,1,264,0,0,NULL);
+INSERT INTO `spell_list` VALUES (251,'shock_spikes',0x0000001E3C0000000000000000000000000000460055,2,69,6,0,1,34,24,3000,10000,0,0,251,2000,3,0,1.00,1,264,0,0,NULL);
 INSERT INTO `spell_list` VALUES (252,'stun',0x0000002D000000250000000000000000000000000000,2,70,6,0,4,37,25,500,45000,0,268,252,2000,3,0,1.00,180,1280,0,204,NULL);
 INSERT INTO `spell_list` VALUES (253,'sleep',0x000000141900001E00000000000000000000001E0000,2,71,8,0,4,35,19,2500,30000,0,0,253,2000,3,0,1.00,1,176,2,204,NULL);
 INSERT INTO `spell_list` VALUES (254,'blind',0x00000004080000000000000000000000000000000000,2,72,8,0,4,35,5,2000,10000,0,0,254,2000,3,0,1.00,1,165,0,204,NULL);
@@ -812,7 +812,7 @@ INSERT INTO `spell_list` VALUES (836,'thundara',0x000000000000000000000000000000
 INSERT INTO `spell_list` VALUES (837,'thundara_ii',0x00000000000000000000000000000000000000005F00,2,152,6,0,4,36,253,3000,15000,2,0,900,2000,1,0,1.00,0,0,0,120,'SOA');
 INSERT INTO `spell_list` VALUES (838,'watera',0x00000000000000000000000000000000000000001E00,2,153,3,0,4,36,66,1500,5000,2,0,901,2000,1,0,1.00,0,0,0,120,'SOA');
 INSERT INTO `spell_list` VALUES (839,'watera_ii',0x00000000000000000000000000000000000000004B00,2,153,3,0,4,36,163,3000,15000,2,0,902,2000,1,0,1.00,0,0,0,120,'SOA');
--- INSERT INTO `spell_list` VALUES (840,'foil',0x0000000000000000000000000000000000000000003A,6,4,0,1,0,48,1000,30000,0,0,0,4000,0,0,1.00,20,80,0,204,'SOA');
+--  INSERT INTO `spell_list` VALUES (840,'foil',0x0000000000000000000000000000000000000000003A,6,4,0,1,0,48,1000,30000,0,0,0,4000,0,0,1.00,20,80,0,204,'SOA');
 INSERT INTO `spell_list` VALUES (841,'distract',0x00000000230000000000000000000000000000000000,2,154,5,0,4,35,32,3000,10000,0,0,933,2000,0,0,1.00,1,320,0,204,'SOA');
 INSERT INTO `spell_list` VALUES (842,'distract_ii',0x00000000550000000000000000000000000000000000,2,154,5,0,4,35,58,3000,10000,0,0,934,4000,0,0,1.00,1,320,0,204,'SOA');
 INSERT INTO `spell_list` VALUES (843,'frazzle',0x000000002A0000000000000000000000000000000000,2,155,8,0,4,35,38,3000,10000,0,0,935,4000,0,0,1.00,1,320,0,204,'SOA');