@@ -5954,25 +5954,25 @@ INSERT INTO `mob_pools` VALUES (5893,'Gloombound_Lurker','Gloombound_Lurker',221
 INSERT INTO `mob_pools` VALUES (5894,'Lesath','Lesath',217,0x00001C0100000000000000000000000000000000,1,1,7,280,100,0,1,0,1,2,7,0,238,141,0,0,0,1,0,370);
 INSERT INTO `mob_pools` VALUES (5895,'Donggu','Donggu',116,0x0000780100000000000000000000000000000000,1,1,11,240,100,0,0,0,1,2,7,0,0,133,0,0,0,1,0,116);
 -- Trusts
-INSERT INTO `mob_pools` VALUES (5896,'shantotto','Shantotto',153,0x0000B80B00000000000000000000000000000000,4,0,2,240,40,0,2,0,0,0,0,32,0,3,0,0,308,1,0,1011);
+INSERT INTO `mob_pools` VALUES (5896,'shantotto','Shantotto',153,0x0000B80B00000000000000000000000000000000,4,0,2,240,40,1,2,0,0,0,0,32,0,3,0,0,308,1,0,1011);
 INSERT INTO `mob_pools` VALUES (5897,'naji','Naji',149,0x0000B90B00000000000000000000000000000000,1,0,2,240,100,0,2,0,0,0,0,32,0,3,0,0,309,1,0,1012);
-INSERT INTO `mob_pools` VALUES (5898,'kupipi','Kupipi',153,0x0000BA0B00000000000000000000000000000000,3,0,11,230,40,2,0,0,0,0,0,32,0,3,0,0,310,1,0,1013);
+INSERT INTO `mob_pools` VALUES (5898,'kupipi','Kupipi',153,0x0000BA0B00000000000000000000000000000000,3,0,11,230,40,1,0,0,0,0,0,32,0,3,0,0,310,1,0,1013);
 INSERT INTO `mob_pools` VALUES (5899,'excenmille','Excenmille',145,0x0000BB0B00000000000000000000000000000000,7,0,8,390,150,0,0,0,0,0,0,32,0,3,0,0,311,1,0,1014);
 INSERT INTO `mob_pools` VALUES (5900,'ayame','Ayame',149,0x0000BC0B00000000000000000000000000000000,12,0,10,440,150,0,0,0,0,0,0,32,0,3,0,0,312,1,0,1015);
 INSERT INTO `mob_pools` VALUES (5901,'nanaa_mihgo','NanaaMihgo',151,0x0000BD0B00000000000000000000000000000000,6,0,2,190,60,0,0,0,0,0,0,32,0,3,0,0,313,1,0,1016);
 INSERT INTO `mob_pools` VALUES (5902,'curilla','Curilla',145,0x0000BE0B00000000000000000000000000000000,7,0,3,240,100,0,0,0,0,0,0,32,0,3,0,0,314,1,0,1017);
 INSERT INTO `mob_pools` VALUES (5903,'volker','Volker',149,0x0000BF0B00000000000000000000000000000000,1,0,3,240,100,0,0,0,0,0,0,32,0,3,0,0,315,1,0,1018);
-INSERT INTO `mob_pools` VALUES (5904,'ajido-marujido','Ajido-Marujido',153,0x0000C00B00000000000000000000000000000000,4,5,1,400,40,0,0,0,0,0,0,32,0,3,0,0,316,1,0,1019);
+INSERT INTO `mob_pools` VALUES (5904,'ajido-marujido','Ajido-Marujido',153,0x0000C00B00000000000000000000000000000000,4,5,1,400,40,1,0,0,0,0,0,32,0,3,0,0,316,1,0,1019);
 INSERT INTO `mob_pools` VALUES (5905,'trion','Trion',145,0x0000C10B00000000000000000000000000000000,7,1,3,240,100,0,0,0,0,0,0,32,0,3,0,0,317,1,0,1020);
 INSERT INTO `mob_pools` VALUES (5906,'zeid','Zeid',146,0x0000C20B00000000000000000000000000000000,8,0,3,240,100,0,0,0,0,0,0,32,0,3,0,0,318,1,0,1021);
 INSERT INTO `mob_pools` VALUES (5907,'lion','Lion',149,0x0000C30B00000000000000000000000000000000,6,0,3,240,100,0,0,0,0,0,0,32,0,3,0,0,319,1,0,1022);
 INSERT INTO `mob_pools` VALUES (5908,'tenzen','Tenzen',149,0x0000C40B00000000000000000000000000000000,12,0,3,240,100,0,0,0,0,0,0,32,0,3,0,0,320,1,0,1023);
 INSERT INTO `mob_pools` VALUES (5909,'mihli_aliapoh','MihliAliapoh',151,0x0000C50B00000000000000000000000000000000,3,0,3,240,100,0,0,0,0,0,0,32,0,3,0,0,321,1,0,1024);
 INSERT INTO `mob_pools` VALUES (5910,'valaineral','Valaineral',145,0x0000C60B00000000000000000000000000000000,7,1,3,240,100,0,0,0,0,0,0,32,0,3,0,0,322,1,0,1025);
-INSERT INTO `mob_pools` VALUES (5911,'joachim','Joachim',149,0x0000C70B00000000000000000000000000000000,10,3,3,240,100,0,0,0,0,0,0,32,0,3,0,0,323,1,0,1026);
+INSERT INTO `mob_pools` VALUES (5911,'joachim','Joachim',149,0x0000C70B00000000000000000000000000000000,10,3,3,240,100,2,0,0,0,0,0,32,0,3,0,0,323,1,0,1026);
 INSERT INTO `mob_pools` VALUES (5912,'naja_salaheem','NajaSalaheem',151,0x0000C80B00000000000000000000000000000000,2,1,3,240,100,0,0,0,0,0,0,32,0,3,0,0,324,1,0,1027);
 INSERT INTO `mob_pools` VALUES (5913,'prishe','Prishe',145,0x0000C90B00000000000000000000000000000000,2,3,3,240,100,0,0,0,0,0,0,32,0,3,0,0,325,1,0,1028);
-INSERT INTO `mob_pools` VALUES (5914,'ulmia','Ulmia',145,0x0000CA0B00000000000000000000000000000000,10,0,3,240,100,0,0,0,0,0,0,32,0,3,0,0,326,1,0,1029);
+INSERT INTO `mob_pools` VALUES (5914,'ulmia','Ulmia',145,0x0000CA0B00000000000000000000000000000000,10,0,3,240,100,2,0,0,0,0,0,32,0,3,0,0,326,1,0,1029);
 INSERT INTO `mob_pools` VALUES (5915,'shikaree_z','ShikareeZ',151,0x0000CB0B00000000000000000000000000000000,14,3,3,240,100,0,0,0,0,0,0,32,0,3,0,0,327,1,0,1030);
 INSERT INTO `mob_pools` VALUES (5916,'cherukiki','Cherukiki',153,0x0000CC0B00000000000000000000000000000000,3,0,3,240,100,0,0,0,0,0,0,32,0,3,0,0,328,1,0,1031);
 INSERT INTO `mob_pools` VALUES (5917,'iron_eater','IronEater',146,0x0000CD0B00000000000000000000000000000000,1,0,3,240,150,0,0,0,0,0,0,32,0,3,0,0,329,1,0,1032);
@@ -5998,7 +5998,7 @@ INSERT INTO `mob_pools` VALUES (5936,'karaha-baruha','Karaha-Baruha',153,0x0000E
 INSERT INTO `mob_pools` VALUES (5937,'cid','Cid',149,0x0000E10B00000000000000000000000000000000,1,0,3,240,100,0,0,0,0,0,0,32,0,3,0,0,349,1,0,1052);
 INSERT INTO `mob_pools` VALUES (5938,'gilgamesh','Gilgamesh',149,0x0000E20B00000000000000000000000000000000,12,0,3,240,100,0,0,0,0,0,0,32,0,3,0,0,350,1,0,1053);
 INSERT INTO `mob_pools` VALUES (5939,'areuhat','Areuhat',145,0x0000E30B00000000000000000000000000000000,1,0,3,240,100,0,0,0,0,0,0,32,0,3,0,0,351,1,0,1054);
-INSERT INTO `mob_pools` VALUES (5940,'semih_lafihna','SemihLafihna',151,0x0000E40B00000000000000000000000000000000,11,0,3,240,100,0,0,0,0,0,0,32,0,3,0,0,352,1,0,1055);
+INSERT INTO `mob_pools` VALUES (5940,'semih_lafihna','SemihLafihna',151,0x0000E40B00000000000000000000000000000000,11,0,3,240,100,3,0,0,0,0,0,32,0,3,0,0,352,1,0,1055);
 INSERT INTO `mob_pools` VALUES (5941,'elivira','Elivira',149,0x0000E50B00000000000000000000000000000000,11,1,3,240,100,0,0,0,0,0,0,32,0,3,0,0,353,1,0,1056);
 INSERT INTO `mob_pools` VALUES (5942,'noillurie','Noillurie',145,0x0000E60B00000000000000000000000000000000,12,7,3,240,100,0,0,0,0,0,0,32,0,3,0,0,354,1,0,1057);
 INSERT INTO `mob_pools` VALUES (5943,'lhu_mhakaracca','LhuMhakaracca',151,0x0000E70B00000000000000000000000000000000,9,1,3,240,100,0,0,0,0,0,0,32,0,3,0,0,355,1,0,1058);
@@ -6010,7 +6010,7 @@ INSERT INTO `mob_pools` VALUES (5948,'klara','Klara',149,0x0000ED0B0000000000000
 INSERT INTO `mob_pools` VALUES (5949,'romaa_mihgo','RomaaMihgo',151,0x0000EE0B00000000000000000000000000000000,6,1,3,240,100,0,0,0,0,0,0,32,0,3,0,0,361,1,0,1064);
 INSERT INTO `mob_pools` VALUES (5950,'kuyin_hathdenna','KuyinHathdenna',151,0x0000EF0B00000000000000000000000000000000,21,0,3,240,100,0,0,0,0,0,0,32,0,3,0,0,362,1,0,1065);
 INSERT INTO `mob_pools` VALUES (5951,'rahal','Rahal',145,0x0000F00B00000000000000000000000000000000,7,1,3,240,100,0,0,0,0,0,0,32,0,3,0,0,363,1,0,1066);
-INSERT INTO `mob_pools` VALUES (5952,'koru-moru','Koru-Moru',153,0x0000F10B00000000000000000000000000000000,5,0,3,240,100,0,0,0,0,0,0,32,0,3,0,0,364,1,0,1067);
+INSERT INTO `mob_pools` VALUES (5952,'koru-moru','Koru-Moru',153,0x0000F10B00000000000000000000000000000000,5,0,3,240,100,1,0,0,0,0,0,32,0,3,0,0,364,1,0,1067);
 INSERT INTO `mob_pools` VALUES (5953,'pieuje_uc','Pieuje',145,0x0000F20B00000000000000000000000000000000,3,0,3,240,100,0,0,0,0,0,0,32,0,3,0,0,365,1,0,1068);
 INSERT INTO `mob_pools` VALUES (5954,'i_shield_uc','InvincibleShld',146,0x0000F40B00000000000000000000000000000000,1,2,3,240,100,0,0,0,0,0,0,32,0,3,0,0,367,1,0,1069);
 INSERT INTO `mob_pools` VALUES (5955,'apururu_uc','Apururu',153,0x0000F50B00000000000000000000000000000000,3,5,3,240,100,0,0,0,0,0,0,32,0,3,0,0,368,1,0,1070);
@@ -6077,7 +6077,7 @@ INSERT INTO `mob_pools` VALUES (6015,'mumor_ii','Mumor',149,0x0000200C0000000000
 INSERT INTO `mob_pools` VALUES (6016,'ingrid_ii','Ingrid',149,0x00001E0C00000000000000000000000000000000,3,0,3,240,100,0,0,0,0,0,0,32,0,3,0,0,425,1,0,1131);
 INSERT INTO `mob_pools` VALUES (6017,'arciela_ii','Arciela',149,0x00000D0C00000000000000000000000000000000,5,0,3,240,100,0,0,0,0,0,0,32,0,3,0,0,426,1,0,1132);
 INSERT INTO `mob_pools` VALUES (6018,'iroha_ii','Iroha',149,0x0000280C00000000000000000000000000000000,12,3,3,240,100,0,0,0,0,0,0,32,0,3,0,0,427,1,0,1133);
-INSERT INTO `mob_pools` VALUES (6019,'shantotto_ii','Shantotto',153,0x0000260C00000000000000000000000000000000,4,0,2,240,100,0,2,0,0,0,0,32,0,3,0,0,428,1,0,1134);
+INSERT INTO `mob_pools` VALUES (6019,'shantotto_ii','Shantotto',153,0x0000260C00000000000000000000000000000000,4,0,2,240,100,1,2,0,0,0,0,32,0,3,0,0,428,1,0,1134);
 -- Reserved for future Trust 6020
 -- Reserved for future Trust 6021
 -- Reserved for future Trust 6022